0 type

1 operation/txn

DHL_CC
fsync write computation
693799 44400 274123 
709273 43706 269384 
791990 36149 287461 
712749 44590 281130 
0 type

1 operation/txn

DHL_CC
fsync write computation
0 type

1 operation/txn

DHL_CC
fsync write computation
819120 36175 284901 
686853 47054 277369 
829137 45147 298038 
721441 44914 277806 
0 type

1 operation/txn

DHL_CC
fsync write computation
776051 36108 274017 
765996 51143 304094 
754256 45643 289322 
700359 45917 279502 
745990 37587 272631 
DHL_TC
fsync write computation
828765 37177 291786 
763740 48292 281817 
889832 49369 299934 
811945 52657 306075 
742924 46938 278500 
mvbt_opt
fsync write computation
777139 47411 187712 
820965 49772 208548 
857577 52227 214753 
787364 49524 196941 
0 type

1 operation/txn

DHL_CC
fsync write computation
798729 34395 279913 
803738 36423 295774 
784801 50283 311032 
714062 44484 278141 
770184 34549 277232 
DHL_TC
fsync write computation
747755 47635 276663 
763181 47201 281102 
764819 44651 279689 
824608 51234 300779 
765002 45627 281863 
mvbt_opt
fsync write computation
912677 42652 214149 
803793 47498 191895 
801714 47590 187937 
792591 47187 193818 
780189 47680 190447 
off_opt
fsync write computation
860695 57096 328454 
882528 56905 327422 
788650 50680 293784 
0 type

1 operation/txn

DHL_CC
fsync write computation
0 type

1 operation/txn

DHL_CC
fsync write computation
733928 34702 270773 
784009 34494 282458 
800011 35534 347159 
770960 38605 287618 
698028 44605 276908 
DHL_TC
fsync write computation
0 type

1 operation/txn

DHL_CC
fsync write computation
0 type

1 operation/txn

DHL_CC
fsync write computation
0 type

1 operation/txn

DHL_CC
fsync write computation
749123 44224 291043 
0 type

1 operation/txn

DHL_CC
fsync write computation
783418 36298 286610 
783982 50756 305203 
685372 45133 272116 
741398 35432 265476 
696229 44379 272443 
DHL_TC
fsync write computation
787923 46903 285369 
812716 54135 307454 
0 type

1 operation/txn

DHL_CC
fsync write computation
789488 50545 304901 
701174 46425 273307 
722462 45254 278393 
709033 45600 273364 
715198 45024 277341 
DHL_TC
fsync write computation
949586 38252 284884 
915743 42368 292475 
789712 34705 270692 
750155 46234 275817 
792984 34928 271332 
mvbt_opt
fsync write computation
789205 48255 197670 
810568 50945 205173 
925023 56309 231177 
993682 49893 227263 
773591 48427 191278 
off_opt
fsync write computation
796933 51590 293020 
770684 49695 290417 
775974 50349 290582 
870397 42473 288993 
874529 58726 337508 
wal_opt
fsync write computation
958231 63702 256677 
864206 55973 231943 
857798 56130 226354 
853125 55758 228985 
849810 54838 226687 
SHADOW
fsync write computation
2053728 121049 640176 
2249380 105830 587707 
2115205 129028 655366 
1969439 116688 604617 
2276796 114546 615975 
fsync write computation
SHADOW_X
1580434 103370 595002 
1994209 105193 601848 
1755501 95822 592834 
1797476 100426 595572 
1828280 105003 643991 
1 type

1 operation/txn

DHL_CC
fsync write computation
686352 41144 266621 
781153 45641 292987 
638952 39758 257045 
642708 40156 262329 
703815 35891 264425 
DHL_TC
fsync write computation
719973 31353 270138 
745980 45473 293025 
654810 38463 258624 
642138 39390 259220 
682892 34310 258500 
mvbt_opt
fsync write computation
642964 40057 194010 
642998 40543 199906 
723702 43586 210226 
754412 36066 205484 
637457 40365 191621 
off_opt
fsync write computation
723281 29805 258123 
659849 40118 262908 
654528 41011 257190 
733650 44470 284567 
0 type

1 operation/txn

DHL_CC
fsync write computation
818250 41139 301958 
715838 45624 275891 
707889 45232 278632 
715658 43230 279505 
867645 43016 316930 
DHL_TC
fsync write computation
892250 41425 288969 
742746 46791 272565 
755176 45275 275425 
906207 46462 321453 
754410 47252 280126 
mvbt_opt
fsync write computation
775916 47177 195685 
806758 47361 196931 
1182887 49852 210779 
929330 54857 227497 
781866 47058 194366 
off_opt
fsync write computation
793553 48244 295424 
792421 48194 293906 
906312 52838 324461 
786668 51130 289874 
794240 50201 293516 
wal_opt
fsync write computation
856352 55602 234481 
870160 56560 234189 
925252 59702 240687 
897405 57459 243576 
861752 56596 235516 
SHADOW
fsync write computation
2116825 124700 640758 
2049015 119297 616902 
2211785 122457 642531 
1980563 115562 607150 
2123645 125382 644764 
fsync write computation
SHADOW_X
1811174 105438 633452 
1686113 98434 598843 
1942635 98420 604308 
1615430 101143 593129 
1633759 102007 589550 
1 type

1 operation/txn

DHL_CC
fsync write computation
647846 38747 260277 
800109 37828 306560 
658893 40312 255409 
649892 38464 257978 
666585 38805 260548 
DHL_TC
fsync write computation
766862 44416 303210 
654698 40011 259186 
664174 39929 259705 
674190 39502 264278 
720299 43154 281039 
mvbt_opt
fsync write computation
627943 37889 195278 
645876 38026 195827 
629727 38584 194298 
635387 38778 195256 
775644 36614 214535 
off_opt
fsync write computation
668436 39121 265469 
758381 46134 302519 
655829 41273 261706 
665701 40671 261872 
662876 39396 265200 
wal_opt
fsync write computation
914062 49909 242272 
871461 51609 234967 
766098 48997 226217 
771140 49635 225441 
780726 48398 226985 
SHADOW
fsync write computation
1746892 94364 601450 
1887173 102495 634766 
2037020 93594 592313 
1948474 103223 642764 
2048893 90981 586265 
fsync write computation
SHADOW_X
1414747 82844 584311 
1678975 84950 624299 
1645556 93307 616190 
1592151 76213 582688 
1600720 88626 624608 
2 type

1 operation/txn

DHL_CC
fsync write computation
686970 42016 300525 
700719 38440 303685 
695357 35282 300329 
826209 34847 310163 
729876 36026 305694 
DHL_TC
fsync write computation
749924 29428 296077 
742559 32672 297091 
715982 40148 302163 
1163124 39469 305242 
738225 32861 292601 
mvbt_opt
fsync write computation
640464 40436 223623 
753672 32505 237688 
753562 34282 238479 
795049 36037 253187 
770974 32734 244120 
off_opt
fsync write computation
798670 41281 320282 
646778 40346 292130 
641442 40318 290483 
649390 39077 291275 
743759 45534 324964 
wal_opt
fsync write computation
873818 50717 256434 
860628 44225 239965 
769513 49219 240925 
798397 49772 246104 
941209 55642 299016 
SHADOW
fsync write computation
2047880 94196 635082 
1838532 99446 650557 
1795757 97567 626472 
1796628 95177 621600 
2043433 97589 651385 
fsync write computation
SHADOW_X
1593798 75492 601143 
1591315 76713 601101 
1684648 81314 640367 
1636918 80478 634629 
1550214 74179 596127 
