0 type

1 operation/txn

DHL_CC
fsync write computation
600324 12365 73878 
614071 11359 71583 
627986 11884 72665 
600428 12051 72495 
606213 12567 72260 
DHL_TC
fsync write computation
655001 12982 72222 
650143 12537 73051 
651265 12137 70542 
643296 11760 70006 
647562 11632 71854 
mvbt
fsync write computation
1262572 50634 173742 
1236519 26891 95382 
1290580 58968 201381 
1260913 51029 180142 
1282009 62634 219335 
OFF
fsync write computation
762859 17717 103905 
739739 17724 102337 
746524 18258 100753 
737684 17845 101692 
737700 17956 101184 
WAL
fsync write computation
1444069 105198 260316 
1436391 103271 255648 
1430410 106708 263129 
1430172 101233 249666 
1456978 105778 260672 
PERSIST
fsync write computation
1 1 1
1 1 1
1 1 1
1 1 1
1 1 1
1 type

1 operation/txn

DHL_CC
fsync write computation
617633 21249 112659 
558654 10215 63148 
563903 10027 64813 
564215 9980 62213 
555897 9957 62403 
DHL_TC
fsync write computation
565782 9896 65095 
568681 9822 61726 
574045 10023 63656 
568394 9891 63097 
566336 10541 63161 
mvbt
fsync write computation
1192646 59243 317740 
1165432 54597 290663 
1137016 46216 250369 
1154285 46829 254857 
1063997 17869 99448 
OFF
fsync write computation
649999 13725 88548 
642625 13726 89188 
653373 13887 89753 
645528 13662 90338 
646584 13301 90689 
WAL
fsync write computation
1715172 117569 268170 
1743647 118266 268249 
1695329 115178 258992 
1680887 111032 249562 
1685720 116456 262218 
PERSIST
fsync write computation
1 1 1
1 1 1
1 1 1
1 1 1
1 1 1
2 type

1 operation/txn

DHL_CC
fsync write computation
669750 42408 218458 
578195 10331 76072 
577383 10807 77621 
578456 10378 76014 
578768 10717 77134 
DHL_TC
fsync write computation
600395 10657 76356 
598908 11100 76931 
584208 10647 75504 
594097 11276 78453 
591001 10823 77859 
mvbt
fsync write computation
1175441 48957 207973 
1110931 19613 83305 
1109414 19573 83873 
1111004 18949 81724 
1114175 19111 86147 
OFF
fsync write computation
640497 13466 99803 
646186 13445 99205 
638306 13358 99612 
640279 13433 99026 
638357 13818 98689 
WAL
fsync write computation
1814727 122396 296731 
1784276 120912 286060 
1779730 123784 296461 
1838193 123286 295152 
1830257 122555 294982 
PERSIST
fsync write computation
1 1 1
1 1 1
1 1 1
1 1 1
1 1 1
