0 type

1 operation/txn

DHL_CC
fsync write computation
698700 44724 279164 
719442 44676 278401 
710638 45431 277419 
715121 44908 278682 
703906 45323 276978 
DHL_TC
fsync write computation
773927 48020 280977 
743487 46694 273612 
753097 47616 278864 
753097 47616 278864 
742293 46714 276926 
mvbt_opt
fsync write computation
819946 45450 202371 
819946 45450 202371 
814901 45219 203958 
814901 45219 203958 
811607 45462 197013 
off_opt
fsync write computation
801349 51660 295770 
813505 51016 296496 
798587 50264 296874 
793047 49757 298156 
790859 51153 297547 
wal_opt
fsync write computation
852478 54960 230992 
845927 55359 233052 
854011 55510 231268 
854011 55510 231268 
858631 54167 229716 
shadow
fsync write computation
1992756 116913 614420 
2011494 117377 612722 
2006145 117555 611164 
2026131 115967 620388 
2039759 118831 615629 
shadow_x
fsync write computation
1632090 101888 595926 
1616681 101646 595815 
1632090 101888 595926 
1616681 101646 595815 
1633715 101719 593931 
1 type

1 operation/txn

DHL_CC
fsync write computation
660493 38940 261851 
664485 38871 262452 
650830 39047 264991 
649456 39445 258922 
657969 38969 262453 
DHL_TC
fsync write computation
670637 40280 260331 
668265 40054 260606 
668265 40054 260606 
660702 40337 258424 
656775 41430 258147 
mvbt_opt
fsync write computation
705612 40035 292940 
696187 38281 281583 
695100 37919 279901 
715804 39675 284982 
697074 38778 281014 
off_opt
fsync write computation
650262 39896 254768 
665831 39901 260916 
666952 40057 260823 
661127 39381 258608 
657635 39888 265046 
wal_opt
fsync write computation
775461 47838 220460 
792475 48117 224793 
791186 48702 224795 
791186 48702 224795 
783844 48448 222002 
shadow
fsync write computation
1798530 96252 611932 
1798530 96252 611932 
1755734 95345 603535 
1790907 94440 603765 
1766253 96288 602346 
shadow_x
fsync write computation
1544210 80690 583003 
1544210 80690 583003 
1444548 85061 591606 
1568280 78394 583096 
1433992 84184 588877 
2 type

1 operation/txn

DHL_CC
fsync write computation
712960 40249 300714 
704221 37844 299530 
696482 43431 299313 
676180 41421 296080 
703708 40160 302686 
DHL_TC
fsync write computation
697497 44522 298374 
728561 38994 304541 
731017 39423 301893 
711966 42277 304268 
719279 41332 304368 
mvbt_opt
fsync write computation
714454 40944 245464 
714454 40944 245464 
709551 41295 232308 
710030 40428 234140 
off_opt
fsync write computation
709058 33648 295634 
660457 40847 295858 
702383 36825 296282 
693925 35293 290439 
671532 41127 296020 
wal_opt
fsync write computation
750442 47341 244562 
785463 48995 248686 
857412 42426 240372 
861705 46258 255149 
861705 46258 255149 
shadow
fsync write computation
1732832 94723 622266 
1740885 95945 622397 
1789973 97734 621391 
1828705 94582 622698 
1852482 97040 625798 
shadow_x
fsync write computation
1513591 78164 605627 
1584688 74765 598392 
1527100 80173 600775 
1608549 73475 592697 
1581770 75040 599860 
