0 type

1 operation/txn

DHL_CC
fsync write computation
691919 42386 256213 
712831 41216 259637 
711487 42155 256998 
711949 43752 259183 
702227 43313 258074 
DHL_TC
fsync write computation
729723 42814 258927 
742905 45251 262004 
721336 43943 259432 
744819 43621 258871 
727208 42205 259729 
mvbt_opt
fsync write computation
1343374 70233 237553 
1366900 70676 238977 
1275714 66702 231154 
1293021 65968 228728 
1345301 68428 235682 
off_opt
fsync write computation
916265 58122 290422 
910049 58849 291348 
911592 59057 285390 
891676 57443 290083 
951159 56484 286464 
wal_opt
fsync write computation
919494 76382 237844 
905710 75021 236005 
903856 76912 240541 
909239 75199 233416 
907275 76615 237870 
SHADOW
fsync write computation
2013833 117831 607928 
1986948 117283 608165 
1986948 117283 608165 
2001446 116108 606607 
1993997 117177 608092 
fsync write computation
SHADOW_X
1603244 101811 592109 
1623424 102616 591885 
1623424 102616 591885 
1604304 102588 591826 
1608933 101159 591605 
1 type

1 operation/txn

DHL_CC
fsync write computation
730804 28717 277836 
705409 30862 280304 
645067 39592 269525 
646808 37930 270034 
649257 39754 269410 
DHL_TC
fsync write computation
661807 38551 274391 
723833 28574 278122 
675380 39177 275721 
656724 38524 273388 
670829 37431 274979 
mvbt_opt
fsync write computation
1200197 61855 229118 
1298678 66660 238872 
1307259 66438 240520 
1261408 64792 238741 
1215372 64136 235537 
off_opt
fsync write computation
806003 47800 287873 
815344 50538 285033 
804242 49805 288004 
805040 49637 288045 
812249 47714 285536 
wal_opt
fsync write computation
951578 70756 244369 
885914 64167 239729 
903530 70573 232475 
933769 73272 243796 
899202 67762 240425 
SHADOW
fsync write computation
1826798 95159 599340 
1820067 96437 599567 
1770360 97120 597994 
1751077 96941 600982 
1769406 97440 604661 
fsync write computation
SHADOW_X
1562751 79421 579392 
1572382 77359 579547 
1532356 79792 580612 
1573328 77647 578726 
1565027 78033 577407 
2 type

1 operation/txn

DHL_CC
fsync write computation
719633 36763 307737 
724629 40232 306183 
699280 40427 305512 
726226 34282 303610 
721599 34972 307947 
DHL_TC
fsync write computation
740977 33380 302549 
712158 39238 307747 
740546 36461 305900 
717096 35640 305649 
729102 35654 307434 
mvbt_opt
fsync write computation
1320386 71674 271798 
1325026 71402 267121 
1539348 61327 252266 
1526223 61065 252159 
1290236 69629 265519 
off_opt
fsync write computation
810605 50431 314184 
821702 50648 307598 
834491 49871 308754 
812583 48673 310325 
833822 41414 298981 
wal_opt
fsync write computation
894213 57271 250458 
795145 49768 235293 
767829 48617 232812 
905341 56894 251593 
789443 48971 235366 
SHADOW
fsync write computation
1703642 95048 617835 
1707172 95834 621865 
1744474 96144 617930 
1743850 95675 618823 
1755991 96280 621021 
fsync write computation
SHADOW_X
1555070 77665 599426 
1559357 77028 596012 
1600496 77773 592959 
1568468 79032 591389 
1581405 77891 598338 
