0 type

1 operation/txn

WAL
fsync write computation
1472454 108186 256281 
1465765 106719 254484 
1462182 108612 256916 
1417401 106011 253718 
1437094 107001 253861 
1 type

1 operation/txn

WAL
fsync write computation
1722279 121599 280958 
1773235 121415 279316 
1750425 120217 279812 
1752655 119988 278901 
1766004 120321 278650 
2 type

1 operation/txn

WAL
fsync write computation
1843724 125904 304524 
1832508 127560 305941 
1817616 126274 305226 
1855500 126948 306355 
1838746 126504 305627 
