0 type

1 operation/txn

WAL_OPT
fsync write computation
859064 66963 210453 
859064 66963 210453 
864623 66398 209573 
868040 65864 212626 
866863 65920 214784 
WAL_OPT10
fsync write computation
791952 52055 201483 
799760 52625 201929 
804585 52680 202558 
811158 51231 199039 
811158 51231 199039 
WAL
fsync write computation
1557355 119868 262114 
1536343 114452 261217 
1532709 115892 260847 
1552508 115204 261240 
1538010 116034 258570 
1 type

1 operation/txn

WAL_OPT
fsync write computation
850060 61873 222274 
850060 61873 222274 
880991 62284 221653 
883221 62677 219882 
859123 63072 225298 
WAL_OPT10
fsync write computation
864425 60776 227482 
864425 60776 227482 
886903 60163 226756 
885280 58970 231795 
891228 60913 228459 
WAL
fsync write computation
1533804 116489 280469 
1463883 114152 275967 
1544217 116260 280094 
1509121 116220 278467 
1491857 116674 278920 
2 type

1 operation/txn

WAL_OPT
fsync write computation
828102 57835 236096 
828102 57835 236096 
838140 59260 234415 
838140 59260 234415 
828102 57835 236096 
WAL_OPT10
fsync write computation
825400 57440 245234 
803479 56487 244549 
803479 56487 244549 
790663 57368 241566 
849336 52471 236021 
WAL
fsync write computation
1843325 126901 312416 
1843325 126901 312416 
1863187 127751 312751 
1849628 127469 310626 
1840472 126398 310781 
