0 type

1 operation/txn

DHL_CC
fsync write computation
629430 39679 254801 
677079 38739 267060 
689396 30080 272316 
649076 38855 261979 
667087 35387 261474 
DHL_TC
fsync write computation
668162 42689 258009 
670373 41871 256954 
679989 42222 257819 
670337 42324 253647 
678891 42914 257455 
mvbt_opt
fsync write computation
1228285 63794 222611 
1202247 62964 220154 
1191239 61296 224503 
1173175 59669 214593 
1296098 65778 232501 
off_opt
fsync write computation
868184 49400 293059 
831675 55079 289381 
833744 54212 286041 
824413 53856 287454 
832856 54220 287755 
wal_opt
fsync write computation
864373 72975 233813 
838887 72288 229172 
826860 72067 226922 
860286 74518 236670 
844173 72815 234920 
SHADOW
fsync write computation
2005575 118237 613024 
2019915 118064 616824 
2024014 117967 611748 
2035143 118432 616263 
2297935 109694 607246 
fsync write computation
SHADOW_X
1822636 95249 592925 
1695183 100442 600874 
1616362 102506 593954 
1602624 102619 594230 
1621271 103560 597656 
1 type

1 operation/txn

DHL_CC
fsync write computation
636010 30341 275934 
634142 31379 277712 
645950 30347 280967 
653913 27422 276632 
649119 29831 275536 
DHL_TC
fsync write computation
650384 32869 280141 
654558 31971 278368 
658488 29943 276896 
651533 30933 277298 
652980 30602 277753 
mvbt_opt
fsync write computation
1395099 61332 216422 
1070516 55922 222371 
1084640 56528 220467 
1108696 59221 221670 
1095905 56409 219963 
off_opt
fsync write computation
778823 41047 282717 
783510 43748 283752 
769153 42001 281606 
771198 41526 280956 
776778 43003 281288 
wal_opt
fsync write computation
887625 70364 244219 
847621 70434 234101 
876896 69131 240993 
867988 69429 244246 
865166 69361 240054 
SHADOW
fsync write computation
1744819 96531 600743 
1751455 96256 604355 
1806806 95755 603760 
2045638 90229 581415 
2066480 90855 583305 
fsync write computation
SHADOW_X
1565241 78227 582830 
1445980 83579 588313 
1519580 80437 581440 
1581979 78462 580401 
1542795 80727 583585 
2 type

1 operation/txn

DHL_CC
fsync write computation
649517 29132 301332 
642698 29634 299792 
643884 29193 298473 
664951 29019 302565 
649888 29336 300447 
DHL_TC
fsync write computation
656834 30069 306438 
649042 30615 301122 
646818 29824 301230 
658826 29566 300909 
656084 29486 304384 
mvbt_opt
fsync write computation
1145848 62371 255985 
1120724 61936 248197 
1129850 62500 258019 
1113151 60571 253369 
1121698 60954 248532 
off_opt
fsync write computation
833892 46743 309730 
679868 40289 302084 
845539 47011 303414 
665733 38519 301448 
756822 43853 309061 
wal_opt
fsync write computation
820695 53553 248035 
846845 55598 255647 
804801 52061 243736 
820666 54224 249074 
808393 52203 245828 
SHADOW
fsync write computation
1724093 95289 627012 
1735117 94630 621086 
1749133 96068 621914 
1740568 93680 620130 
1799347 95957 622258 
fsync write computation
SHADOW_X
1547405 75998 604834 
1505126 80230 606782 
1574872 74090 603714 
1549897 73812 602518 
1567143 76284 602964 
