0 type

1 operation/txn

WAL
fsync write computation
1727523 124261 265135 
1744300 119969 264061 
1760580 121243 265219 
1744819 121211 265110 
1747576 121431 266047 
fsync write computation
SHADOW_X
1595661 89710 536696 
1583451 89964 535772 
1607274 89656 534461 
1564449 90652 534110 
1564449 90652 534110 
1 type

1 operation/txn

WAL
fsync write computation
1761735 121576 284681 
1758411 123234 283869 
1765876 122001 283270 
1786216 125202 287833 
1789072 122858 285062 
fsync write computation
SHADOW_X
1452304 84073 592824 
1452304 84073 592824 
1451926 85033 597312 
1483160 85308 596651 
1483160 85308 596651 
2 type

1 operation/txn

WAL
fsync write computation
1922958 130551 312319 
1898389 128152 312576 
1903694 130601 312927 
1899541 129145 310345 
1853994 128065 310299 
fsync write computation
SHADOW_X
1580003 75193 601910 
1578584 73928 597359 
1578584 73928 597359 
1573291 77621 607127 
1573291 77621 607127 
