0 type

1 operation/txn

WAL
fsync write computation
1946172 150541 283957 
1945435 147954 285932 
2085328 182740 316977 
1948345 148876 284874 
1958545 148977 285054 
1 type

1 operation/txn

WAL
fsync write computation
1878852 132626 286645 
1869297 131959 290910 
1896625 134415 289688 
1853694 132018 287710 
1813509 131150 286575 
2 type

1 operation/txn

WAL
fsync write computation
1855243 128883 308065 
1842532 129088 307030 
1852701 127949 307148 
1830446 129180 304837 
1821038 128891 304749 
