0 type

1 operation/txn

OFF_OPT
fsync write computation
643850 42558 172263 
647602 42682 175843 
630856 40770 169451 
667784 43583 179593 
620222 41594 170471 
DHL_CC
fsync write computation
632784 40378 259862 
617084 40234 258498 
644892 40502 259069 
644892 40502 259069 
637087 39991 260556 
DHL_TC
fsync write computation
685789 41146 257211 
682119 41984 261734 
696116 41036 264066 
677140 41627 257951 
686652 41130 258721 
mvbt_opt
fsync write computation
733840 46090 188469 
830617 44549 210857 
721980 49030 190520 
885810 57243 232323 
722882 47271 191884 
WAL_OPT
fsync write computation
830374 54298 199704 
854589 55082 200356 
852570 54179 202702 
861332 53808 203754 
861015 54724 201862 
OFF
fsync write computation
911579 60967 291204 
909583 59859 291568 
908205 59093 288899 
948698 50480 294083 
920634 57798 293311 
mvbt
fsync write computation
1172098 61069 216643 
1224264 62291 221218 
1220211 62749 223534 
1182941 61657 218174 
1216258 65014 220738 
fsync write computation
SHADOW_X
1554616 90070 530741 
1574948 88622 528290 
1574948 88622 528290 
1534731 91305 530411 
1574948 88622 528290 
WAL
fsync write computation
1749626 122360 268249 
1699761 118780 261787 
1722344 120201 264292 
1749093 117537 263755 
1731025 120239 263322 
1 type

1 operation/txn

OFF_OPT
fsync write computation
660274 30570 276079 
645185 29817 278137 
640703 30326 274703 
655401 31046 277606 
645057 30640 274621 
DHL_CC
fsync write computation
648032 30973 281570 
650700 30382 277443 
648519 30035 276358 
642842 30321 277759 
642842 30321 277759 
DHL_TC
fsync write computation
652771 31401 276310 
661540 30675 273006 
653159 30083 275434 
654743 32592 277213 
656944 29729 278144 
mvbt_opt
fsync write computation
729444 38148 204865 
748200 35649 204466 
729444 38148 204865 
729444 38148 204865 
730512 37390 204968 
WAL_OPT
fsync write computation
825330 51832 216803 
846214 55637 224570 
846214 55637 224570 
826715 53167 215091 
830350 52701 216029 
OFF
fsync write computation
800678 49510 292439 
806209 50892 290794 
848510 43787 280437 
793029 50948 289033 
819063 49388 295059 
mvbt
fsync write computation
1111003 58122 223896 
1111003 58122 223896 
1120037 58736 227257 
1106416 58086 223619 
1120037 58736 227257 
fsync write computation
SHADOW_X
1562463 80721 593370 
1584746 77230 585890 
1466495 83149 594999 
1568493 79602 588914 
1561569 78521 585752 
WAL
fsync write computation
1731177 121382 284388 
1729224 120151 281010 
1721763 120703 283671 
1754909 123606 287537 
1734437 120739 280168 
2 type

1 operation/txn

OFF_OPT
fsync write computation
655275 29165 303083 
646586 29547 296157 
646347 29731 298834 
659319 29639 304747 
659204 29384 303269 
DHL_CC
fsync write computation
648766 29605 302010 
664356 29419 303320 
651844 30658 302418 
655149 30136 306123 
654663 29228 302338 
DHL_TC
fsync write computation
648469 29650 299802 
655363 29698 298808 
648586 29956 301047 
644591 29903 301822 
646028 29995 300034 
mvbt_opt
fsync write computation
745055 39784 232550 
759254 38993 236794 
727825 38839 230744 
723954 33888 225291 
732854 34721 229985 
WAL_OPT
fsync write computation
743254 52638 233256 
766169 52124 231131 
733801 52110 231052 
878460 51193 232923 
893945 56409 246420 
OFF
fsync write computation
827680 42507 295152 
810264 50751 310253 
797743 50005 312843 
825647 40967 298253 
807660 49601 311916 
mvbt
fsync write computation
1133479 65235 258490 
1131703 62652 260755 
1131703 62652 260755 
1119672 62397 254928 
1119672 62397 254928 
fsync write computation
SHADOW_X
1578970 76518 604295 
1564428 74730 601165 
1576313 77563 604017 
1542712 77936 607085 
1542712 77936 607085 
WAL
fsync write computation
1848025 127005 313177 
1808970 126727 311690 
1824156 126039 310905 
1865056 129158 312450 
1835935 127097 313555 
