0 type

1 operation/txn

DHL_CC
fsync write computation
697780 42938 280101 
709724 42472 276577 
705460 42433 284462 
709490 44349 286222 
707554 43465 280839 
DHL_TC
fsync write computation
806519 37746 282749 
752999 46241 277665 
762549 46338 272552 
736886 45426 274628 
750176 45059 276920 
mvbt_opt
fsync write computation
1282375 65328 230171 
1276797 64218 225746 
1321005 65943 227234 
1311761 65876 231320 
1281600 64452 225431 
off_opt
fsync write computation
929120 58468 314276 
927075 57992 309444 
921315 58551 309262 
918400 57850 311970 
949471 51191 294854 
wal_opt
fsync write computation
1461693 107015 272244 
1444670 108158 271868 
1476703 109600 275756 
1448121 106040 272143 
1485752 107423 272636 
SHADOW
fsync write computation
1997710 116447 608604 
1983684 114995 607815 
1982796 115477 607292 
1983362 117184 612681 
1998810 115525 607314 
fsync write computation
SHADOW_X
1611314 101438 586474 
1595776 102423 590990 
1720234 98278 597190 
1598534 103252 595823 
1597817 103527 599729 
1 type

1 operation/txn

DHL_CC
fsync write computation
654196 38782 260695 
649154 38685 260769 
654671 38081 262008 
656180 39256 260277 
655082 39168 262996 
DHL_TC
fsync write computation
663907 39004 259751 
661816 40188 258759 
658062 39862 257342 
670139 40174 263961 
676312 38948 261339 
mvbt_opt
fsync write computation
1172215 58042 310569 
1177331 60660 312108 
1202933 61806 317484 
1191693 60887 313985 
1193420 62001 322147 
off_opt
fsync write computation
798145 50507 284374 
802678 49772 283461 
800118 50368 282658 
812199 48706 287037 
802026 48414 285229 
wal_opt
fsync write computation
1687988 117898 268478 
1729501 119032 270967 
1692966 117597 268645 
1698301 117145 268212 
1722723 118595 267845 
SHADOW
fsync write computation
1749066 95566 599753 
1771856 94342 600875 
1752913 95031 601504 
1770352 94775 597455 
1745242 93679 599780 
fsync write computation
SHADOW_X
1423589 84205 582351 
1424074 83685 577178 
1607374 75482 577414 
1568386 78067 575311 
1529174 79821 582601 
2 type

1 operation/txn

DHL_CC
fsync write computation
706390 34411 300304 
710830 35172 303375 
716178 34995 298858 
706408 35958 299307 
672811 39780 303319 
DHL_TC
fsync write computation
719008 39578 299251 
692762 42341 297488 
722894 38730 301439 
716326 38619 298671 
724153 40670 302095 
mvbt_opt
fsync write computation
1189637 59122 256952 
1190765 61672 264310 
1216684 62786 265482 
1182519 60451 258849 
1179633 60761 263208 
off_opt
fsync write computation
807278 50551 305182 
789716 49498 309582 
818373 48216 307398 
815176 47519 309150 
800714 49940 310837 
wal_opt
fsync write computation
1776234 124265 302354 
1855949 126429 306317 
1863248 126194 304954 
1803374 126142 308124 
1852974 126732 306590 
SHADOW
fsync write computation
1790588 93210 620474 
1798530 93691 621058 
1780017 94901 618078 
1838589 94676 620551 
1795519 93764 617321 
fsync write computation
SHADOW_X
1437886 82129 598080 
1538248 76681 592761 
1544769 77059 597292 
1539456 74749 594902 
1546894 75103 596850 
