GMAIL
wal -j 1
422627135851 11256
412656048898 11256
422049531160 11256
340280347257 11256
415621247280 11256
wal100 -j 1
410914874167 11346
413209633858 11346
284083449259 11346
376366569961 11346
416179912895 11346
wal_opt -j 1
410980155436 11346
405686511479 11346
408119321592 11346
408307354285 11346
408207577939 11346
off_opt
415421177126 3848
416625990356 3848
414759685473 3848
413019208858 3848
414900995011 3848
KAKAO
DHL
327101764035 16521
325957530728 16521
326699543958 16521
327426583458 16521
326566674536 16521
wal -j 1
332603710570 36883
323044063077 36883
332341853570 36883
290806674023 36883
323810860269 36883
wal100 -j 1
324310745038 41967
324599115691 41967
322999045615 41967
322719350230 41967
322793871616 41967
wal_opt -j 1
315913441197 41967
317744202542 41967
319926573809 41967
317104677543 41967
316811878466 41967
off_opt
317932394926 17894
317639064772 17894
317744964773 17894
320427023155 17894
320743918386 17894
