0 type

1 operation/txn

WAL_OPT
fsync write computation
886996 59436 213572 
860211 53886 202210 
878124 55478 207318 
839195 53409 203612 
851628 53420 199216 
WAL_OPT10
fsync write computation
850397 55663 206470 
851525 57725 212400 
943180 63544 223689 
961807 71148 223762 
841141 56447 206218 
WAL
fsync write computation
1735416 120546 265424 
1723367 120974 266006 
1695651 118901 264838 
1719888 121351 267870 
1727207 120853 265014 
1 type

1 operation/txn

WAL_OPT
fsync write computation
736349 47129 208446 
852585 58158 222521 
844989 56346 222329 
890643 55209 219724 
863362 56715 220991 
WAL_OPT10
fsync write computation
812149 53344 213543 
799529 52941 210275 
802719 53489 214241 
856350 54335 213571 
813364 54623 215586 
WAL
fsync write computation
1706672 119862 280635 
1729762 121394 281251 
1730719 121333 281554 
1733067 121030 280306 
1748274 122786 284701 
2 type

1 operation/txn

WAL_OPT
fsync write computation
779177 52577 229657 
901577 52831 234243 
754052 51336 237740 
778293 53796 237419 
920848 52578 234002 
WAL_OPT10
fsync write computation
768893 56668 238948 
720031 53249 228028 
849957 57473 243301 
873163 54295 233551 
832489 59872 233287 
WAL
fsync write computation
1839129 128003 313705 
1826257 128805 312355 
1830367 128149 312567 
1862043 128984 312308 
1872141 128463 311256 
