77423 1
10289961 1
3019770 1
781115 1
298462 1
422770 1
191154 1
177154 1
25423 1
15576115 1
3403461 1
2281923 1
318308 1
38884 1
5945730 1
207538 1
1630154 1
1204539 1
1066808 1
257692 1
174000 1
2244615 1
1770385 1
1761654 1
1743307 1
1406539 1
186885 1
1883962 1
459307 1
39154 1
9713308 1
456231 1
1983807 1
219539 1
2868576 1
339093192 1
7811385 1
1542847 1
1360577 1
1211769 1
1901115 1
1614769 1
1408692 1
1422269 1
1180731 1
1340884 1
1295308 1
1625884 1
1313654 1
1212923 1
1286576 1
1212423 1
980269 1
2687577 1
1239962 1
1406885 1
1278039 1
1183615 1
980423 1
1202769 1
1216154 1
1221654 1
1053384 1
1311192 1
1203616 1
1204924 1
966885 1
1195731 1
1200154 1
1233270 1
1155962 1
1268654 1
1211500 1
1254039 1
973192 1
1349115 1
1208923 1
1208770 1
978270 1
1424115 1
1244154 1
1188577 1
953500 1
1216385 1
1165923 1
1183846 1
988692 1
1519962 1
1362538 1
1200231 1
964308 1
1233847 1
1207269 1
1197038 1
972346 1
1291693 1
1439731 1
1213270 1
1017385 1
1228807 1
1235000 1
1229077 1
943154 1
1172000 1
1363423 1
1191269 1
958538 1
1186269 1
1212384 1
1207462 1
974500 1
2011270 1
7390654 1
1432039 1
1241462 1
1435693 1
1318384 1
1244961 1
978269 1
1199808 1
4250808 1
1011500 1
1757730 1
1401615 1
1131693 1
987847 1
981808 1
945692 1
966576 1
942654 1
941039 1
1107500 1
1006115 1
978731 1
938616 1
951077 1
989807 1
933231 1
932962 1
949731 1
945000 1
970961 1
965192 1
988693 1
1003539 1
978461 1
973808 1
987346 1
990154 1
949654 1
938346 1
1066192 1
963654 1
975269 1
963115 1
941770 1
957847 1
949154 1
951846 1
946693 1
944154 1
981038 1
1062000 1
960385 1
946924 1
975230 1
937539 1
939308 1
899616 1
923154 1
994038 1
931961 1
952962 1
963115 1
938231 1
944770 1
932538 1
993539 1
956230 1
951039 1
974230 1
935538 1
944539 1
1088038 1
912500 1
936885 1
963576 1
997462 1
950692 1
929000 1
957539 1
961961 1
945769 1
1169193 1
957654 1
939038 1
938000 1
937808 1
935462 1
938693 1
935269 1
938154 1
941077 1
953269 1
950115 1
941692 1
943885 1
933077 1
2652500 1
1218385 1
1199116 1
1766192 1
7420385 1
1482615 1
1444000 1
1249154 1
1523346 1
1264692 1
1233654 1
1004731 1
1225000 1
1221384 1
1242615 1
1018962 1
1391153 1
1247423 1
1235269 1
1002153 1
1201577 1
1202731 1
1192269 1
978308 1
1227192 1
1228884 1
1198115 1
989153 1
1172654 1
1203077 1
1229269 1
1014307 1
1236193 1
1277846 1
1249000 1
973077 1
1210269 1
1205808 1
1191654 1
1005884 1
1292538 1
1218846 1
1222000 1
1030308 1
1223885 1
1233077 1
1237884 1
979577 1
1207769 1
1234807 1
1441115 1
1001731 1
1419500 1
1434077 1
1413731 1
1205270 1
1227347 1
1234962 1
1217808 1
947693 1
1309615 1
1181884 1
1203730 1
985423 1
1208192 1
1167307 1
1198346 1
1206923 1
1194077 1
1201307 1
1195423 1
986077 1
7094192 1
1598423 1
1443423 1
1212846 1
1329577 1
1997193 1
1658577 1
1205539 1
1313616 1
1211730 1
1210231 1
983961 1
1352308 1
1340577 1
1403231 1
971307 1
1183577 1
2699615 1
953000 1
916384 1
999385 1
974385 1
947769 1
948539 1
929692 1
931923 1
932577 1
956423 1
942616 1
933000 1
963654 1
1660577 1
6993730 1
1220616 1
1188577 1
1200424 1
1160193 1
1182846 1
1176731 1
1192231 1
976577 1
970846 1
936616 1
965423 1
967577 1
963269 1
969692 1
985923 1
979462 1
975193 1
960346 1
952115 1
958577 1
945077 1
973308 1
970654 1
1096692 1
946962 1
949923 1
940500 1
944539 1
939269 1
981692 1
952115 1
974308 1
971039 1
1080654 1
955577 1
966577 1
947231 1
934616 1
986654 1
934616 1
925961 1
961077 1
944885 1
951962 1
957346 1
936193 1
985307 1
955731 1
950154 1
939000 1
972269 1
977808 1
952462 1
933769 1
980154 1
952538 1
928616 1
972654 1
943346 1
967038 1
934115 1
938192 1
938269 1
2837116 1
1013116 1
951038 1
977346 1
942616 1
938308 1
934616 1
959654 1
935192 1
929807 1
1861577 1
1239116 1
975115 1
1196693 1
1210961 1
1200154 1
1023384 1
1214077 1
1401808 1
1457692 1
1183077 1
1178847 1
1168193 1
1218000 1
994923 1
1203730 1
1388308 1
1419692 1
1195385 1
1203346 1
1189269 1
1182923 1
992462 1
1307193 1
1428692 1
2067539 1
7154154 1
1475539 1
1453538 1
1477576 1
1113538 1
1237808 1
1229731 1
1220731 1
1025462 1
1225769 1
1231616 1
1417923 1
978577 1
1178846 1
1200924 1
1197846 1
968654 1
1179039 1
1211116 1
1463615 1
993770 1
1205308 1
1198346 1
1210654 1
988577 1
1195039 1
1187346 1
1199577 1
1213231 1
1183269 1
1179077 1
1170730 1
974346 1
1208500 1
1239615 1
1242846 1
1279731 1
1317077 1
1242346 1
1197961 1
981077 1
1213731 1
1167154 1
1216153 1
1067384 1
1226769 1
1194923 1
1218000 1
971462 1
1214384 1
1255154 1
1197846 1
1147192 1
1331038 1
1315308 1
1208539 1
997423 1
1201615 1
1305961 1
1267616 1
975115 1
1407692 1
2015923 1
983423 1
932731 1
977346 1
968462 1
950269 1
945961 1
1114346 1
967077 1
954423 1
950961 1
949308 1
935577 1
939538 1
928461 1
952693 1
971269 1
942693 1
1048731 1
954115 1
925000 1
942693 1
943577 1
940538 1
935154 1
938961 1
941115 1
922115 1
929577 1
995884 1
950423 1
944539 1
974308 1
938115 1
946731 1
931077 1
924231 1
1569692 1
7348384 1
1224039 1
1206193 1
1202346 1
1063538 1
967154 1
1679462 1
1203808 1
1180192 1
1145346 1
1091193 1
976538 1
958346 1
951115 1
965193 1
1089807 1
1003538 1
940577 1
937769 1
940577 1
966500 1
965769 1
976885 1
975038 1
930039 1
1088423 1
993116 1
945346 1
976577 1
2087962 1
1029538 1
949885 1
1014500 1
959731 1
1033654 1
958885 1
949346 1
940423 1
930154 1
933962 1
912538 1
908769 1
939615 1
904038 1
1119230 1
967923 1
940308 1
936731 1
957539 1
958038 1
981423 1
968039 1
1926077 1
1265000 1
1292654 1
1181077 1
949846 1
1174769 1
1142076 1
1176077 1
978346 1
1207423 1
1223462 1
1215385 1
969231 1
1191038 1
1206500 1
1204000 1
978307 1
1190000 1
1221885 1
1425654 1
1022039 1
1201538 1
1167231 1
1206577 1
927500 1
1170538 1
1147846 1
1168616 1
1230000 1
1178616 1
1166923 1
1183539 1
974346 1
3568500 1
1293307 1
1227808 1
981770 1
1222000 1
1315038 1
1317500 1
980808 1
1295924 1
1223308 1
1239923 1
979538 1
1219154 1
1214154 1
1858770 1
7129615 1
1488500 1
1442653 1
1423923 1
1078808 1
1156885 1
1159884 1
1188116 1
1115000 1
1169462 1
1175884 1
1166192 1
972692 1
1142269 1
1163962 1
1158461 1
964039 1
1326115 1
1183231 1
1424192 1
1370615 1
1344192 1
1190269 1
962654 1
1320769 1
1229693 1
1223077 1
1076308 1
1148808 1
1165461 1
1143731 1
966231 1
1165116 1
1129769 1
1157115 1
971000 1
1180423 1
1153308 1
1158654 1
956308 1
1148923 1
4388461 1
985539 1
965654 1
950577 1
911962 1
913962 1
909192 1
901885 1
1074039 1
921038 1
923231 1
953731 1
910154 1
947846 1
943346 1
972077 1
941731 1
931192 1
945692 1
1034423 1
964154 1
956423 1
932616 1
941384 1
914038 1
970885 1
936692 1
4598039 1
976000 1
925692 1
929423 1
954116 1
959308 1
967231 1
942616 1
886615 1
1066461 1
928423 1
907616 1
939039 1
939000 1
944269 1
926308 1
933192 1
950347 1
933731 1
1005269 1
926500 1
980731 1
936539 1
944539 1
930308 1
908269 1
901231 1
919154 1
907923 1
913962 1
1092077 1
1591770 1
7255654 1
1189385 1
1161115 1
1053231 1
937846 1
973769 1
942615 1
936308 1
931269 1
933808 1
945269 1
913077 1
957961 1
974000 1
966192 1
1062692 1
962231 1
914615 1
901692 1
942577 1
946539 1
935269 1
901539 1
911770 1
989230 1
984615 1
985731 1
962077 1
978077 1
2606154 1
1224577 1
1174654 1
957962 1
1235384 1
1237307 1
1211231 1
996423 1
1197385 1
1229346 1
1193846 1
939269 1
1188500 1
1430615 1
1204231 1
966808 1
1193462 1
1207807 1
1200769 1
973461 1
1196846 1
1264154 1
1455846 1
1007577 1
1204769 1
1185500 1
1205307 1
990923 1
1172385 1
1181039 1
1350423 1
952923 1
1162654 1
1131039 1
1147039 1
961308 1
1153769 1
1171731 1
1118808 1
980962 1
1171654 1
1176615 1
1161539 1
945423 1
1171462 1
1136500 1
1141154 1
1154192 1
1195961 1
1216538 1
1234923 1
983654 1
1218270 1
1170808 1
1185000 1
978808 1
1373500 1
1391500 1
1371038 1
1184730 1
1242731 1
1201923 1
1228884 1
940769 1
1431692 1
1387538 1
1380539 1
1075693 1
1215961 1
1199616 1
1826885 1
7280154 1
1478769 1
1437308 1
1425115 1
1102538 1
1249961 1
1314115 1
1213423 1
973847 1
1234385 1
2739385 1
1272384 1
985346 1
1330193 1
1430808 1
1245731 1
1906077 1
970615 1
963885 1
945077 1
978039 1
963885 1
973423 1
955923 1
942769 1
965731 1
1008423 1
968962 1
937384 1
931231 1
961653 1
965616 1
1076923 1
973885 1
973000 1
947039 1
968577 1
950693 1
923693 1
934808 1
960346 1
940962 1
1072269 1
994038 1
933923 1
928769 1
946000 1
935231 1
919847 1
962346 1
944038 1
971693 1
977654 1
1000500 1
948500 1
975923 1
965000 1
937654 1
948270 1
967231 1
944076 1
939500 1
932577 1
1125615 1
948654 1
936615 1
984500 1
943962 1
931692 1
971692 1
953077 1
936384 1
983884 1
1051346 1
957770 1
952115 1
940769 1
941615 1
936423 1
933154 1
977000 1
964846 1
940500 1
923769 1
959808 1
943807 1
908269 1
976116 1
951923 1
975539 1
920500 1
934615 1
945884 1
959807 1
1035269 1
946923 1
972231 1
929961 1
944962 1
1606654 1
7130038 1
1201731 1
1137539 1
1151654 1
1048577 1
968000 1
945231 1
2093384 1
1251615 1
1245115 1
1178577 1
1166654 1
1194653 1
999346 1
1223923 1
1195384 1
1182077 1
1248385 1
1387847 1
1245154 1
1247153 1
950462 1
1226192 1
1241346 1
1224692 1
1093000 1
1443731 1
1192846 1
1224461 1
985885 1
1213769 1
1239346 1
1225808 1
995692 1
1349269 1
1215384 1
1224654 1
987923 1
1234731 1
1190616 1
1232730 1
1013692 1
1294153 1
1240923 1
2276077 1
1015577 1
1198923 1
1189538 1
1229846 1
1109961 1
1331154 1
1180616 1
1171654 1
982962 1
1179500 1
1172769 1
1166000 1
984693 1
1330384 1
1204846 1
1168346 1
989692 1
1205923 1
1247423 1
1232846 1
961115 1
1225692 1
1303846 1
1180846 1
980462 1
1205923 1
1210962 1
1197039 1
1002846 1
1185000 1
1214769 1
1233385 1
975923 1
1166269 1
1158270 1
1191346 1
1011039 1
1231500 1
1213500 1
1434769 1
1063000 1
1168230 1
1182039 1
1179500 1
964807 1
1172769 1
1153770 1
1208039 1
1215808 1
1251538 1
1995654 1
1005884 1
949731 1
977192 1
1618576 1
7285038 1
1207730 1
1072077 1
948731 1
973077 1
966654 1
969385 1
953692 1
1155846 1
959000 1
1062654 1
1178692 1
1079538 1
942500 1
940115 1
949000 1
940000 1
973193 1
1002385 1
970000 1
2475154 1
985885 1
940923 1
934885 1
907577 1
929423 1
1074385 1
1184769 1
1177846 1
1092923 1
947077 1
984308 1
904769 1
937923 1
974154 1
976038 1
1177616 1
1173730 1
1055769 1
973692 1
916808 1
945653 1
912077 1
935423 1
939039 1
979116 1
1162192 1
1182577 1
1174039 1
944692 1
952231 1
936924 1
925577 1
939269 1
940346 1
938231 1
1251308 1
1153693 1
1155654 1
994577 1
936961 1
961615 1
923615 1
947116 1
941077 1
968346 1
1167923 1
1145693 1
1048961 1
962808 1
934731 1
938577 1
941423 1
951154 1
933424 1
937077 1
1161846 1
1146308 1
1042461 1
940500 1
937308 1
951231 1
943346 1
954692 1
3779038 1
1452270 1
1067000 1
1168731 1
1200923 1
1157961 1
954769 1
1171115 1
1431885 1
1412308 1
1050423 1
1177115 1
1177269 1
1174577 1
969000 1
2000847 1
7509154 1
1444270 1
1207384 1
1404307 1
1256577 1
1209884 1
946038 1
1192923 1
1187000 1
1214269 1
988308 1
1198807 1
1229192 1
1570269 1
1162000 1
1214807 1
1209115 1
1212769 1
955616 1
1201885 1
1204192 1
1284462 1
999885 1
1239846 1
1225039 1
1195500 1
979307 1
1216577 1
1211000 1
1174307 1
1004846 1
1247500 1
1225731 1
1226654 1
1004000 1
1225230 1
1214153 1
1248923 1
1173308 1
1229500 1
1195769 1
1233769 1
990731 1
1210616 1
1200847 1
1185000 1
1030577 1
1197038 1
1199308 1
1165462 1
975461 1
1181346 1
1170885 1
1394462 1
1173423 1
1531923 1
1345346 1
957769 1
1162846 1
1166193 1
1150346 1
990616 1
1206000 1
1216423 1
1339923 1
986039 1
1193500 1
1230000 1
1217539 1
986730 1
1160693 1
1196615 1
1482270 1
2801231 1
1216269 1
2451577 1
973423 1
959077 1
1220154 1
1079231 1
964654 1
947462 1
946308 1
947769 1
953192 1
955269 1
978154 1
945923 1
1138731 1
963000 1
944577 1
939038 1
926116 1
952038 1
945885 1
948116 1
939615 1
947269 1
944885 1
1643807 1
7251692 1
1220000 1
1171808 1
1187884 1
1239423 1
1004000 1
962077 1
938846 1
976000 1
976731 1
973962 1
987654 1
943577 1
966846 1
1047116 1
996577 1
936576 1
952347 1
964923 1
968077 1
999653 1
969846 1
955539 1
976192 1
1050384 1
978461 1
940347 1
925808 1
935038 1
972346 1
980423 1
921077 1
925308 1
957923 1
982039 1
969693 1
978385 1
1080538 1
954846 1
961923 1
950885 1
930577 1
932693 1
976577 1
968692 1
1147730 1
954769 1
939808 1
941692 1
942462 1
965500 1
944462 1
973462 1
944615 1
956000 1
1086731 1
942693 1
949000 1
942923 1
937346 1
940769 1
947384 1
2659885 1
1270462 1
1231462 1
1202192 1
978808 1
1232923 1
1207115 1
1200154 1
935654 1
1171308 1
1363654 1
1198038 1
943269 1
1168615 1
1173769 1
1176154 1
946077 1
1171923 1
1394077 1
1297385 1
970731 1
1228269 1
1163154 1
1196616 1
939808 1
1163462 1
1188538 1
1216961 1
1080654 1
1185654 1
1185577 1
1202500 1
947308 1
1195846 1
1223077 1
1166154 1
1254424 1
2040000 1
8276346 1
1418653 1
1261115 1
1457538 1
1334577 1
1248692 1
951269 1
1191808 1
1184462 1
1214385 1
1144077 1
1237308 1
1210692 1
1208385 1
1016769 1
1234230 1
1231770 1
1219538 1
1257538 1
1350884 1
1196769 1
1253884 1
1017384 1
1229808 1
1212962 1
1202347 1
1131423 1
1483500 1
1240192 1
1230693 1
1029154 1
1202846 1
1186038 1
1226385 1
1002039 1
1800539 1
1222885 1
969231 1
1200192 1
1206962 1
1176538 1
991154 1
1334731 1
1293961 1
1176038 1
978038 1
1164731 1
1773231 1
978423 1
948231 1
984423 1
1121308 1
983500 1
948500 1
966962 1
939462 1
948077 1
975500 1
976385 1
949500 1
966231 1
933847 1
974654 1
938653 1
927730 1
957615 1
935039 1
937308 1
950847 1
941923 1
965577 1
945192 1
1078423 1
938962 1
930192 1
930731 1
936654 1
947692 1
954500 1
943654 1
932654 1
935692 1
1091000 1
985923 1
937346 1
969038 1
939423 1
938576 1
954038 1
961385 1
945731 1
944846 1
928692 1
966308 1
934769 1
931577 1
952538 1
2625500 1
939423 1
1593538 1
7305808 1
1214693 1
1185000 1
1198615 1
1056616 1
972692 1
961154 1
973230 1
974154 1
962615 1
938769 1
975423 1
968154 1
969962 1
983692 1
944115 1
937770 1
1033385 1
979346 1
978231 1
936539 1
919961 1
970346 1
981230 1
977154 1
939000 1
970115 1
1015192 1
958462 1
930461 1
942654 1
984115 1
981731 1
2023962 1
1051231 1
1212923 1
1345461 1
1202039 1
971154 1
1193693 1
1162577 1
1239538 1
1033731 1
1231693 1
1197076 1
1232154 1
991885 1
1235615 1
1195000 1
1180923 1
1013231 1
1197961 1
1201846 1
1562038 1
1099885 1
1202077 1
1198116 1
1205231 1
1000538 1
1189654 1
1183654 1
1195539 1
1114884 1
1192731 1
1199000 1
1165924 1
950616 1
1181154 1
1169154 1
1178269 1
1299962 1
1258039 1
1182115 1
1194077 1
974269 1
1184808 1
1162692 1
1247192 1
960654 1
1198308 1
1189616 1
1130115 1
987192 1
1199115 1
1214577 1
1199885 1
951884 1
1386308 1
1392116 1
1214654 1
987692 1
1196308 1
1177615 1
1157654 1
977885 1
1189500 1
1229000 1
1203808 1
944577 1
1847192 1
7273693 1
1657846 1
1195769 1
1383500 1
1415692 1
1284846 1
1017616 1
1218769 1
1243269 1
4115692 1
1022000 1
1205269 1
2587769 1
1835346 1
1281423 1
1256962 1
1244653 1
1260962 1
991923 1
1195115 1
2640270 1
1014616 1
982038 1
1080385 1
1093231 1
989962 1
974192 1
971884 1
910000 1
1036270 1
976462 1
952154 1
953423 1
944731 1
984077 1
950538 1
944038 1
958653 1
949885 1
971538 1
1271538 1
1173039 1
1179962 1
984308 1
930077 1
906077 1
974346 1
935462 1
981846 1
1109462 1
1179576 1
1189962 1
1068923 1
952731 1
933231 1
969230 1
950308 1
987154 1
928808 1
1173539 1
1076962 1
972654 1
992308 1
944270 1
937577 1
963115 1
955654 1
946577 1
981077 1
1051770 1
969308 1
937923 1
934193 1
942307 1
976770 1
987807 1
948192 1
962769 1
954539 1
941654 1
973000 1
937039 1
1007847 1
944116 1
939961 1
939884 1
987730 1
936500 1
933000 1
957039 1
1058270 1
957000 1
947231 1
941384 1
944577 1
948269 1
952577 1
933884 1
933847 1
1801307 1
7212770 1
1232847 1
1189769 1
1001539 1
962577 1
1107500 1
987308 1
979885 1
2660385 1
1237269 1
1222116 1
1012461 1
1239884 1
1383769 1
1267461 1
1015808 1
1233692 1
1252461 1
1208923 1
986192 1
1208500 1
1168962 1
1220346 1
1031769 1
1207385 1
1204500 1
1238385 1
954693 1
1186692 1
1206500 1
1383077 1
972116 1
1199731 1
1182077 1
1211577 1
999192 1
1202000 1
1268346 1
1224654 1
1213654 1
1229884 1
1175000 1
1218423 1
985308 1
1236000 1
1231154 1
1227154 1
1318770 1
1321423 1
1210077 1
1237808 1
988885 1
1207346 1
1221654 1
1185769 1
1129693 1
1293808 1
1182385 1
1165769 1
962423 1
1207923 1
1176307 1
1445308 1
1222423 1
1293423 1
1257038 1
941693 1
1177807 1
1170077 1
1230654 1
943692 1
1150346 1
1274154 1
1172653 1
949924 1
1174077 1
1217154 1
1163077 1
948730 1
1184038 1
1344308 1
1260538 1
1065039 1
1181846 1
1168731 1
1171885 1
996116 1
1201462 1
1244847 1
1288731 1
1029384 1
1410154 1
1409500 1
1405576 1
1195115 1
1205346 1
1164808 1
2634616 1
1177115 1
1887653 1
7361962 1
1674846 1
1253077 1
1455731 1
1329384 1
1341423 1
1032846 1
1253307 1
1331346 1
1271462 1
1026692 1
1230884 1
1239653 1
1187770 1
996807 1
1240346 1
1227539 1
1312154 1
966808 1
1188693 1
1171039 1
1209346 1
994270 1
1182808 1
1168346 1
1326077 1
2221500 1
1253615 1
1166576 1
1202423 1
1038231 1
1231884 1
1171077 1
1442731 1
958692 1
1187423 1
1207192 1
1163539 1
983116 1
1195346 1
1231692 1
1355500 1
1155693 1
1202962 1
2320116 1
1248692 1
984924 1
1156846 1
1173961 1
1331385 1
1055115 1
1206923 1
1235308 1
1259077 1
978462 1
1198154 1
1177923 1
1200769 1
1172000 1
1207269 1
1168769 1
1207231 1
989577 1
1207885 1
1237116 1
1239424 1
1186231 1
1310923 1
1217231 1
1172384 1
2622654 1
1221808 1
1235423 1
1428808 1
1215000 1
1235461 1
1244923 1
1202039 1
968654 1
1229654 1
1204038 1
1398577 1
1185461 1
1188577 1
1919693 1
998538 1
947961 1
937384 1
953654 1
1027500 1
955539 1
977230 1
902461 1
936616 1
948039 1
941308 1
947230 1
929385 1
946808 1
1799192 1
7307731 1
1174847 1
1169384 1
1212346 1
1070116 1
1155923 1
1001308 1
989846 1
965077 1
951269 1
1189692 1
962307 1
972116 1
933154 1
942154 1
1020076 1
967269 1
980193 1
961962 1
970577 1
970308 1
965423 1
927846 1
979384 1
945961 1
934769 1
1139653 1
940731 1
948885 1
935885 1
975153 1
947538 1
973653 1
971154 1
938770 1
945808 1
1136038 1
961500 1
975769 1
965654 1
947269 1
997731 1
947346 1
963615 1
946846 1
921923 1
980230 1
976193 1
939807 1
938654 1
983308 1
987693 1
979077 1
964231 1
963769 1
944923 1
1082231 1
984962 1
943692 1
931730 1
935230 1
964116 1
937000 1
911154 1
958192 1
921423 1
944808 1
1036885 1
1014038 1
944270 1
3969154 1
1270885 1
1215308 1
1294192 1
1082461 1
1211577 1
1182461 1
1204077 1
1019808 1
1236461 1
1209153 1
1200423 1
1192230 1
1292423 1
1187000 1
1192577 1
956077 1
1215692 1
1184885 1
1181692 1
980654 1
1225769 1
1206654 1
1261538 1
965769 1
1198154 1
1165384 1
1215961 1
998576 1
2028384 1
7405884 1
1493693 1
1245192 1
3054846 1
1488462 1
1459923 1
1129500 1
1199038 1
1216269 1
1210847 1
994154 1
1374615 1
1220462 1
1210923 1
990308 1
1197077 1
1228423 1
1214192 1
976462 1
1312654 1
1180962 1
1184692 1
943731 1
1206192 1
1200538 1
1240654 1
1002731 1
1209384 1
1225500 1
1174923 1
988231 1
1198923 1
1251654 1
1230307 1
1022539 1
1199808 1
1452462 1
1259154 1
988384 1
1212462 1
1195000 1
1217577 1
983846 1
1376807 1
1213846 1
1376538 1
1029192 1
1234500 1
1182808 1
1208385 1
983769 1
1210115 1
1322231 1
1340500 1
1262692 1
2592538 1
1008730 1
949846 1
953346 1
955923 1
1047231 1
1221577 1
1162077 1
943500 1
942577 1
944539 1
982731 1
943269 1
939846 1
932576 1
1179807 1
1175077 1
1144615 1
1050423 1
935500 1
929231 1
918346 1
923462 1
950807 1
947154 1
1050077 1
957308 1
948462 1
2753308 1
990769 1
994077 1
985153 1
925923 1
935807 1
975269 1
941308 1
951039 1
927385 1
923423 1
924692 1
945769 1
947462 1
935038 1
974616 1
1893307 1
7140385 1
1210385 1
1088423 1
988269 1
973808 1
1114077 1
1000538 1
994692 1
976961 1
970000 1
988846 1
975192 1
1394039 1
979116 1
965885 1
1054500 1
1096270 1
954807 1
974693 1
959230 1
986423 1
970192 1
980462 1
956846 1
993384 1
1089230 1
1025654 1
992962 1
977808 1
984038 1
987577 1
947346 1
943116 1
972577 1
938538 1
938961 1
993923 1
942077 1
905577 1
909269 1
947038 1
945038 1
939654 1
946500 1
2013269 1
1467885 1
954346 1
1199385 1
1187692 1
1161615 1
971769 1
1192192 1
1165269 1
1201270 1
1005423 1
1125000 1
1140923 1
1149346 1
1016115 1
1176461 1
1171269 1
1239384 1
1290346 1
1215654 1
1378461 1
1419038 1
1177577 1
1189077 1
1209154 1
1182462 1
1118538 1
1361884 1
1426193 1
1219846 1
986346 1
1214269 1
1204116 1
1206077 1
1166770 1
1440154 1
1225616 1
1251807 1
977000 1
1237807 1
1214923 1
1197577 1
1017116 1
1459847 1
1213885 1
1198616 1
972308 1
1191308 1
1218154 1
1246693 1
969808 1
1507616 1
1353807 1
1209384 1
976731 1
1879115 1
7375885 1
2606615 1
1222384 1
1419270 1
1326769 1
1224769 1
969308 1
1353308 1
1213154 1
1218807 1
977154 1
1211500 1
1199424 1
1194692 1
1002308 1
1231270 1
1247539 1
1256692 1
984038 1
1274385 1
1222500 1
1194154 1
987577 1
1365269 1
1250615 1
1213884 1
1000076 1
1230461 1
1192346 1
1166116 1
980884 1
1162230 1
1192692 1
1971615 1
973462 1
938000 1
934731 1
3486616 1
1009538 1
1150230 1
957269 1
961000 1
932769 1
945885 1
956884 1
957269 1
934116 1
946346 1
978269 1
1025116 1
995692 1
952961 1
947038 1
949115 1
952115 1
986154 1
959077 1
978154 1
956307 1
1194461 1
1001423 1
994385 1
987269 1
947461 1
944269 1
936154 1
986461 1
936000 1
912654 1
972039 1
971231 1
940346 1
986961 1
982808 1
963116 1
975231 1
951346 1
928000 1
932692 1
1108885 1
1012231 1
938923 1
980500 1
912769 1
941962 1
926077 1
914154 1
974731 1
946576 1
951077 1
1061769 1
970500 1
1071731 1
940808 1
1044385 1
942539 1
939539 1
948461 1
964116 1
1805385 1
7387654 1
1234731 1
1183961 1
1188808 1
1054846 1
990654 1
1000000 1
994077 1
984846 1
1011000 1
966423 1
975577 1
968577 1
971961 1
937730 1
978885 1
973231 1
969692 1
4061269 1
1062615 1
1213807 1
1232154 1
1502423 1
1015154 1
1227769 1
1243346 1
1207154 1
1071346 1
1239769 1
1221884 1
1408692 1
1223770 1
1224731 1
1175885 1
1183346 1
1431308 1
1204769 1
1195154 1
1175808 1
1303384 1
1209269 1
1213193 1
1016538 1
1204577 1
1228077 1
1231846 1
957039 1
1304692 1
1174693 1
1175577 1
979962 1
1214000 1
1199538 1
1259923 1
995654 1
1388808 1
1333885 1
1214654 1
958077 1
1204115 1
1185807 1
1204423 1
1011462 1
1219000 1
1274077 1
1231847 1
970770 1
1203538 1
1175500 1
1179077 1
987115 1
1239231 1
1358692 1
1267961 1
1029500 1
1235000 1
1235192 1
1222423 1
981461 1
1206962 1
1188692 1
1243923 1
982731 1
1208961 1
1197885 1
1258039 1
994539 1
1213154 1
1210192 1
1497000 1
1109077 1
1219038 1
1199808 1
1212807 1
953539 1
1155615 1
1234615 1
1269769 1
972693 1
1913769 1
7272538 1
1248269 1
972462 1
1585847 1
1435500 1
2792346 1
1005269 1
969731 1
939615 1
944615 1
1094308 1
1180115 1
1154230 1
1061115 1
938538 1
952193 1
999269 1
944884 1
954692 1
962769 1
1142577 1
1222153 1
1189692 1
990654 1
946461 1
939077 1
936539 1
993576 1
965038 1
1122347 1
1020923 1
964577 1
941423 1
975923 1
965923 1
930884 1
934385 1
929500 1
972577 1
933462 1
1298731 1
1197039 1
1084692 1
963154 1
942115 1
946693 1
963077 1
954116 1
984231 1
1159423 1
1160192 1
1156116 1
1155346 1
952769 1
986770 1
982654 1
927847 1
939346 1
976346 1
1171000 1
984193 1
973308 1
972923 1
979500 1
962961 1
935423 1
967615 1
936539 1
906346 1
1185346 1
977846 1
979384 1
969500 1
934500 1
945962 1
977770 1
969807 1
904039 1
916653 1
967807 1
976308 1
976000 1
942153 1
951230 1
940923 1
937500 1
941423 1
935615 1
2471115 1
1232616 1
1233346 1
1029962 1
1262077 1
1207693 1
1203500 1
955731 1
1189230 1
1509846 1
1399115 1
1753731 1
7207730 1
1262385 1
1517154 1
1040154 1
1225884 1
1247308 1
1225308 1
1014769 1
1225654 1
1190808 1
1340154 1
1055116 1
1221847 1
1209270 1
1223885 1
981538 1
1233462 1
1236038 1
1231115 1
1039077 1
1213846 1
1206038 1
1219846 1
968500 1
1208384 1
1180692 1
1176000 1
1074000 1
1242500 1
1190846 1
1202924 1
960231 1
1206538 1
1167039 1
1157154 1
988231 1
1287000 1
1196961 1
1233923 1
980846 1
1138077 1
1147077 1
1146308 1
1002538 1
1190462 1
1271615 1
1192847 1
981500 1
1230346 1
1208000 1
1211307 1
972885 1
1189269 1
1429885 1
1181038 1
985539 1
1216346 1
1197769 1
1238461 1
1028192 1
1247577 1
1237654 1
1346154 1
978231 1
1209538 1
1242808 1
1204885 1
969923 1
1200885 1
1199961 1
1449270 1
1104038 1
1204923 1
1206154 1
1213539 1
2652039 1
998808 1
1009384 1
973654 1
937808 1
990423 1
943423 1
970269 1
951692 1
950577 1
931154 1
950769 1
981923 1
968116 1
945231 1
961193 1
929500 1
934538 1
940423 1
929461 1
928654 1
972230 1
946039 1
1105000 1
1635886 1
7148461 1
1001539 1
953885 1
986808 1
1198500 1
1182000 1
1141346 1
1189731 1
1077423 1
940115 1
969230 1
977192 1
931038 1
969346 1
1000692 1
955769 1
983731 1
972539 1
930231 1
945346 1
960654 1
933692 1
979385 1
2514193 1
990308 1
987115 1
976154 1
940538 1
972616 1
985193 1
954615 1
960577 1
975462 1
960077 1
982000 1
986461 1
995038 1
985769 1
952346 1
976538 1
978231 1
943962 1
1082385 1
958384 1
980077 1
968308 1
925115 1
970923 1
967538 1
948769 1
947846 1
942539 1
937615 1
1068000 1
949846 1
942000 1
979654 1
932615 1
982346 1
970000 1
967269 1
936654 1
956116 1
1112769 1
2012346 1
1256193 1
1246500 1
1168769 1
946231 1
1161885 1
1206731 1
1394654 1
1046270 1
1220500 1
1281347 1
1238269 1
984962 1
1199154 1
1202654 1
1278654 1
1175731 1
1233961 1
1158423 1
1194193 1
985423 1
1193000 1
1217000 1
1291077 1
1121077 1
1300308 1
1209000 1
1199654 1
1009654 1
1206346 1
1139115 1
1156192 1
1225693 1
1463000 1
1241500 1
1926385 1
7158885 1
1610500 1
1450616 1
1420807 1
1127039 1
1231423 1
1241961 1
1235077 1
1010269 1
1301807 1
1253692 1
1201385 1
980500 1
1212077 1
1242385 1
1229730 1
980192 1
1209692 1
1248539 1
1218192 1
958115 1
1219192 1
1212461 1
1195692 1
1001653 1
1202846 1
1344616 1
1230653 1
983847 1
1260346 1
1204962 1
1228423 1
999616 1
1222846 1
1203462 1
1202577 1
985346 1
1202385 1
1248462 1
1243616 1
990577 1
1195539 1
1202961 1
1484692 1
1120693 1
1214077 1
1169846 1
1201308 1
987423 1
2015230 1
999231 1
1183000 1
959885 1
934808 1
988423 1
951462 1
955538 1
950923 1
927654 1
946846 1
977423 1
1146616 1
945423 1
951961 1
936884 1
926615 1
949885 1
929731 1
935615 1
938731 1
932885 1
1058270 1
957385 1
942770 1
982423 1
941077 1
976500 1
942231 1
967308 1
936270 1
955039 1
1073038 1
937193 1
909923 1
960230 1
930038 1
968423 1
971230 1
928384 1
943154 1
950461 1
930000 1
1081307 1
947616 1
938230 1
940769 1
986846 1
997884 1
925000 1
1651000 1
7082616 1
1228270 1
1191192 1
1190077 1
1069193 1
966731 1
952730 1
993269 1
1244346 1
969115 1
986230 1
983500 1
969308 1
982346 1
992193 1
966961 1
949962 1
985038 1
1109153 1
969000 1
941116 1
977347 1
983385 1
964231 1
976308 1
987539 1
943154 1
968615 1
1324461 1
1202730 1
1117577 1
959154 1
947616 1
945769 1
1863808 1
1372615 1
1280730 1
1021500 1
1207500 1
1190846 1
1224346 1
979000 1
1235654 1
1204653 1
1204269 1
1098808 1
1179616 1
1189231 1
1216846 1
983808 1
1178923 1
1191077 1
1169308 1
1090077 1
1311000 1
1177154 1
1165846 1
979307 1
1150538 1
1192615 1
1225115 1
974077 1
1515616 1
1280000 1
1223347 1
987692 1
1230808 1
1263654 1
1198616 1
985116 1
1360269 1
1448384 1
1210346 1
956847 1
1159769 1
1219231 1
1175231 1
1019500 1
1211846 1
1271385 1
1245731 1
961654 1
1233192 1
1209308 1
1200116 1
979423 1
1202500 1
1471077 1
1237500 1
975846 1
1224077 1
1206731 1
1207923 1
949077 1
1190808 1
1158769 1
1299231 1
1047115 1
1225846 1
1932500 1
7244462 1
1462346 1
1450538 1
1451192 1
2303961 1
1047116 1
1235000 1
1326346 1
1470731 1
1193577 1
1428577 1
1398192 1
1193154 1
981116 1
1209308 1
1190730 1
1198038 1
995615 1
3685192 1
1011923 1
941731 1
995193 1
1082039 1
967846 1
991654 1
1196231 1
948307 1
959461 1
935808 1
915769 1
966884 1
935230 1
931384 1
1100500 1
978692 1
940269 1
965539 1
946269 1
982307 1
931461 1
972462 1
935770 1
944077 1
2836462 1
1024116 1
965346 1
982730 1
964577 1
933923 1
974270 1
974461 1
1072808 1
980000 1
940308 1
931116 1
969077 1
940038 1
944346 1
931153 1
951654 1
966039 1
1129846 1
971693 1
959538 1
957730 1
995539 1
941385 1
958692 1
949808 1
948692 1
936923 1
941654 1
1098039 1
934038 1
954000 1
991577 1
1004692 1
955962 1
943923 1
941462 1
952962 1
945038 1
1166192 1
966500 1
974846 1
938654 1
924577 1
950616 1
977193 1
941077 1
929038 1
967615 1
1080885 1
1007115 1
962731 1
945193 1
970154 1
939116 1
934423 1
1696230 1
7183231 1
1216539 1
1204193 1
1187962 1
1058500 1
4223884 1
1269846 1
1431731 1
1251423 1
1227231 1
1010885 1
1245654 1
1244192 1
1480231 1
1036962 1
1208924 1
1238923 1
1202423 1
1027423 1
1205653 1
1220308 1
1348462 1
1252500 1
1176923 1
1212884 1
1232308 1
1010770 1
1248923 1
1242000 1
1235038 1
1009115 1
1215731 1
1239154 1
1206923 1
1014692 1
1223423 1
1201846 1
1238923 1
1292038 1
1349731 1
1142731 1
1152884 1
949885 1
1214923 1
1184807 1
1206230 1
993692 1
1244769 1
1177654 1
1149846 1
1449038 1
1175769 1
1194269 1
983346 1
1149270 1
1340115 1
1188116 1
974154 1
1203846 1
1245116 1
1348731 1
1022462 1
1183346 1
1452307 1
1256615 1
969154 1
1190462 1
1160269 1
1171616 1
1016308 1
1209385 1
1218423 1
1240538 1
994731 1
1234885 1
1175923 1
1229269 1
947961 1
1169423 1
1178077 1
1196577 1
980577 1
1223577 1
1200731 1
1188538 1
966077 1
1218923 1
2536077 1
1626346 1
1177462 1
993347 1
985347 1
957731 1
959423 1
948538 1
949462 1
950077 1
1059692 1
979884 1
1731269 1
6980461 1
1122231 1
957346 1
945192 1
1323462 1
1151923 1
1132077 1
1165769 1
958000 1
937500 1
936807 1
956039 1
943423 1
1034193 1
963770 1
984923 1
981884 1
945154 1
910385 1
918769 1
911692 1
932884 1
908846 1
937346 1
1034807 1
910884 1
941808 1
932000 1
939654 1
927923 1
933039 1
916346 1
906231 1
901385 1
900693 1
962615 1
910115 1
914961 1
913423 1
935269 1
912039 1
902193 1
910693 1
944153 1
907808 1
1140000 1
997923 1
947192 1
962692 1
972807 1
916731 1
902000 1
897423 1
902808 1
955115 1
981384 1
1108846 1
955961 1
965308 1
934846 1
973731 1
944731 1
900000 1
927039 1
886731 1
2033539 1
4844077 1
1083039 1
1031154 1
971577 1
953500 1
1117884 1
999192 1
954500 1
970154 1
974962 1
943577 1
955192 1
953924 1
941000 1
988346 1
1039385 1
966385 1
931077 1
970308 1
944885 1
933808 1
976038 1
952116 1
963807 1
927692 1
919462 1
917962 1
925077 1
917385 1
944961 1
905500 1
951808 1
916269 1
1581731 1
7130769 1
1181231 1
1139807 1
1135538 1
953961 1
915077 1
930808 1
958770 1
1209231 1
1183423 1
1176192 1
1000115 1
967077 1
2052269 1
1032231 1
1099770 1
1241654 1
1213577 1
1145577 1
1065000 1
946653 1
948462 1
967154 1
963269 1
940116 1
962308 1
1076423 1
938269 1
929654 1
937693 1
947846 1
967461 1
981000 1
966847 1
962423 1
940884 1
1050846 1
969346 1
961500 1
934116 1
963654 1
979577 1
942731 1
931961 1
976846 1
977692 1
1051692 1
961731 1
1922462 1
1240846 1
980000 1
1233077 1
1226039 1
1222077 1
955884 1
1280116 1
1167577 1
1143692 1
989461 1
1169730 1
1163000 1
1174538 1
990231 1
1186654 1
1228807 1
1203538 1
951346 1
1195538 1
1163692 1
1186884 1
982576 1
1156231 1
1416539 1
1198539 1
981538 1
1191654 1
1238077 1
1221154 1
994308 1
1188269 1
1201231 1
1230539 1
966885 1
1156577 1
1146154 1
1162731 1
967538 1
1201692 1
1212192 1
1296077 1
1244000 1
1193615 1
1168885 1
1155576 1
948077 1
1174538 1
1185654 1
1420154 1
1125077 1
2013192 1
7252270 1
1474653 1
1252462 1
1478923 1
1348500 1
1243577 1
1012269 1
1253693 1
1206231 1
1211884 1
1093077 1
1233885 1
1364270 1
1412923 1
1239769 1
1332000 1
1242538 1
1259231 1
946847 1
1434077 1
1190308 1
1205000 1
937846 1
1170077 1
1213385 1
1165193 1
1005808 1
1311038 1
1223000 1
1197308 1
962231 1
1198539 1
1208769 1
1171692 1
954539 1
1304423 1
1271692 1
1187807 1
2037385 1
997231 1
982039 1
983269 1
978038 1
968846 1
1200346 1
965538 1
936423 1
978500 1
947423 1
946039 1
943269 1
973539 1
938846 1
968154 1
1050577 1
1006385 1
964769 1
957038 1
948538 1
969000 1
939038 1
971154 1
977808 1
940577 1
938308 1
978654 1
956000 1
954500 1
988154 1
942654 1
957423 1
969308 1
940346 1
984308 1
959962 1
1097653 1
946077 1
953616 1
999615 1
977808 1
938539 1
932423 1
943154 1
927846 1
943692 1
1028192 1
971846 1
2527269 1
955115 1
969769 1
948846 1
947885 1
939038 1
971346 1
1059654 1
954346 1
962884 1
954539 1
936653 1
1789923 1
7121462 1
1242270 1
1200884 1
1204770 1
1085307 1
977308 1
971577 1
941962 1
987154 1
1165731 1
975000 1
979193 1
976692 1
945307 1
969039 1
991654 1
960115 1
975038 1
961885 1
1109615 1
988500 1
948346 1
3834731 1
1297807 1
1211500 1
1196769 1
1152000 1
1237115 1
1206730 1
1195039 1
1021808 1
1205307 1
1190538 1
1205962 1
1334577 1
1360923 1
1246154 1
1228192 1
1004039 1
1245116 1
1247423 1
1204000 1
1125653 1
1389038 1
1240730 1
1248000 1
967346 1
1169846 1
1223384 1
1195616 1
957308 1
1233039 1
1206115 1
1199423 1
950807 1
1215193 1
1172884 1
1211653 1
981538 1
1424577 1
1270116 1
1206231 1
995730 1
2582808 1
1242230 1
1223231 1
1140692 1
1386077 1
1252731 1
1253846 1
990538 1
1219230 1
1239615 1
1241923 1
988615 1
1201461 1
1216076 1
1221615 1
1029384 1
1216846 1
1183731 1
1249384 1
997385 1
1344192 1
1205077 1
1179654 1
997885 1
1197115 1
1230269 1
1208385 1
978962 1
1199384 1
1211654 1
1193307 1
1187077 1
1403731 1
1414730 1
1326500 1
1046308 1
1966154 1
7481500 1
1481500 1
1219077 1
1469616 1
1417000 1
1274231 1
1021192 1
1236192 1
1218847 1
2647962 1
1001461 1
1000115 1
1187000 1
946307 1
937769 1
943846 1
979692 1
964538 1
984000 1
939538 1
940193 1
981077 1
1003346 1
1005231 1
980231 1
994654 1
983307 1
976000 1
912423 1
960307 1
980384 1
1132077 1
984884 1
977192 1
932077 1
938884 1
956961 1
949961 1
971693 1
942730 1
959462 1
946038 1
1068577 1
984693 1
964231 1
979385 1
985462 1
976000 1
982346 1
956692 1
947462 1
974500 1
1151693 1
948616 1
980269 1
956193 1
946653 1
955231 1
946116 1
985116 1
948154 1
930654 1
1106154 1
994730 1
945730 1
940192 1
940846 1
967693 1
944807 1
930423 1
926808 1
989230 1
958731 1
990231 1
949346 1
942000 1
964654 1
1000577 1
948616 1
974923 1
957423 1
946769 1
1105730 1
981116 1
987731 1
977923 1
978193 1
946539 1
939807 1
942423 1
935038 1
948769 1
907423 1
1032038 1
1008231 1
952884 1
999461 1
998231 1
2553577 1
1764692 1
7448807 1
1494577 1
1446038 1
1223115 1
1306808 1
1196539 1
1233116 1
999923 1
1360077 1
1201615 1
1249077 1
980615 1
1217731 1
1202654 1
1330115 1
1002154 1
1170269 1
1217462 1
1211962 1
1005769 1
1215115 1
1197346 1
1244000 1
1221154 1
1248923 1
1205154 1
1218154 1
998193 1
1218923 1
1212769 1
1226693 1
996654 1
1257346 1
1243808 1
1229962 1
1000731 1
1242462 1
1203961 1
1180076 1
1293577 1
1421115 1
1174500 1
1177462 1
1062192 1
1218615 1
1160884 1
1218847 1
1055500 1
1293539 1
1213962 1
1193962 1
979884 1
1150962 1
1188654 1
1172808 1
950462 1
1313308 1
1202076 1
1208538 1
986000 1
1209153 1
1234039 1
1213577 1
994731 1
1199962 1
1433577 1
1244615 1
994576 1
1168231 1
1206192 1
1215423 1
1015538 1
1231115 1
1559269 1
1361538 1
1036308 1
1221538 1
1207231 1
1202769 1
1022154 1
1242154 1
1298500 1
1220539 1
990269 1
1240538 1
1252693 1
1208385 1
2020885 1
997847 1
1281539 1
1005846 1
949885 1
934808 1
958462 1
940231 1
941077 1
961500 1
980154 1
953769 1
1749653 1
7334846 1
1217653 1
1190077 1
1217654 1
1038654 1
990346 1
943808 1
935923 1
962423 1
974346 1
973654 1
979500 1
946346 1
965077 1
1024000 1
1015885 1
982077 1
938038 1
944154 1
990346 1
973230 1
975961 1
935615 1
946692 1
950423 1
1128885 1
949962 1
982769 1
985269 1
946808 1
940615 1
934269 1
974270 1
967731 1
973961 1
1072346 1
992308 1
968116 1
967230 1
950731 1
941385 1
970193 1
981923 1
972230 1
951116 1
1144423 1
962269 1
975154 1
976615 1
980384 1
952884 1
948308 1
973231 1
930039 1
942577 1
945154 1
974231 1
945346 1
945385 1
921846 1
953308 1
977693 1
941730 1
938077 1
941077 1
973193 1
1211769 1
983885 1
920038 1
909769 1
939654 1
925923 1
976346 1
2633731 1
952615 1
2146807 1
1033269 1
1209770 1
1213231 1
1216000 1
975039 1
1170731 1
1178962 1
1233000 1
944807 1
1235807 1
1145115 1
1225192 1
996616 1
1235462 1
1221846 1
1542654 1
1100423 1
1204346 1
1201846 1
1199000 1
940308 1
1159308 1
1172077 1
1948845 1
7235730 1
1482654 1
1457846 1
1443308 1
1674654 1
1686653 1
1459500 1
1463308 1
1118500 1
1230500 1
1237115 1
1724923 1
1483923 1
1456384 1
1239577 1
1227693 1
1026962 1
1223423 1
1249654 1
1269423 1
1024192 1
1257115 1
1233538 1
1227577 1
987000 1
1239884 1
1240308 1
1455923 1
1049000 1
1269692 1
1227346 1
1265346 1
961115 1
1170039 1
1207923 1
1227461 1
1115154 1
1232654 1
1188423 1
1162116 1
982500 1
1209346 1
1175077 1
1212615 1
1268077 1
1296385 1
1185923 1
1200193 1
975269 1
1183923 1
1173231 1
1164115 1
1089192 1
1475884 1
1231077 1
1227462 1
1017269 1
1194807 1
1242461 1
1257884 1
974346 1
2031000 1
988192 1
955731 1
986116 1
946962 1
985308 1
966423 1
992923 1
1000731 1
983000 1
949308 1
979539 1
933577 1
1002308 1
987730 1
950846 1
937885 1
971692 1
952615 1
1151269 1
989115 1
955116 1
922154 1
932000 1
943962 1
939346 1
1002231 1
941269 1
934115 1
1017039 1
976923 1
948000 1
941116 1
944539 1
982962 1
940769 1
896808 1
900500 1
1688385 1
7181269 1
1229692 1
1181230 1
1184461 1
1086423 1
981308 1
1146077 1
1003808 1
974731 1
980692 1
957038 1
961731 1
971038 1
940192 1
939923 1
953077 1
1104885 1
978615 1
979000 1
968693 1
980000 1
980038 1
939577 1
968307 1
993884 1
988885 1
1090039 1
998616 1
984077 1
946500 1
940654 1
953154 1
943538 1
974769 1
970038 1
951462 1
1192270 1
948692 1
964500 1
944538 1
978000 1
944730 1
930115 1
943538 1
968346 1
928884 1
932885 1
2074000 1
1288423 1
1033731 1
1234077 1
1231154 1
1230230 1
982423 1
1206730 1
1455039 1
1212693 1
980154 1
1264616 1
1221269 1
1236692 1
975461 1
1243192 1
1245808 1
1221962 1
956654 1
1182500 1
1175731 1
1207539 1
980384 1
1165385 1
1161346 1
1234269 1
943962 1
1158308 1
1209846 1
1208346 1
981308 1
1164461 1
1170000 1
1427154 1
1002808 1
1667962 1
1241846 1
1004769 1
1198000 1
1206000 1
1194000 1
1267000 1
1345308 1
1195769 1
1213576 1
978731 1
1262808 1
1179269 1
1237115 1
1118654 1
1255231 1
1179000 1
1898961 1
7094077 1
1548500 1
1445115 1
1464346 1
1107385 1
1233731 1
1227538 1
1221731 1
1028077 1
1228692 1
1280500 1
1212769 1
1088115 1
1252424 1
1242115 1
1241577 1
987423 1
1236615 1
1452500 1
1252654 1
976808 1
1227346 1
1261423 1
1245500 1
955692 1
1209538 1
4507462 1
1029846 1
920615 1
945500 1
940770 1
992308 1
974807 1
1147654 1
977192 1
955500 1
945616 1
985231 1
968115 1
945846 1
970654 1
971769 1
963923 1
1074654 1
966038 1
946077 1
952154 1
989923 1
962807 1
970808 1
964654 1
974077 1
938500 1
1190346 1
975154 1
967692 1
940385 1
979269 1
959769 1
949731 1
950000 1
951423 1
955539 1
956269 1
971423 1
962153 1
945923 1
936115 1
970077 1
960038 1
948270 1
948846 1
972231 1
1159577 1
968424 1
954000 1
955731 1
956769 1
984384 1
989731 1
959423 1
949115 1
997500 1
979500 1
1062961 1
957270 1
937961 1
943923 1
944154 1
995884 1
969193 1
954038 1
971230 1
936654 1
1250808 1
971500 1
982769 1
991269 1
965308 1
1635462 1
7158192 1
1424923 1
1189885 1
1159769 1
1049192 1
969077 1
937962 1
948270 1
983616 1
982500 1
1084347 1
978885 1
2998769 1
1175038 1
1211731 1
1207192 1
1231538 1
1019115 1
1334962 1
1241770 1
1230577 1
979808 1
1247384 1
1179654 1
1240192 1
969077 1
1454577 1
1189384 1
1205077 1
1004884 1
1240308 1
1216577 1
1243731 1
986500 1
1445461 1
1423769 1
1264616 1
1023654 1
1244384 1
1232384 1
1218423 1
1029307 1
1348346 1
1382231 1
1250192 1
1019346 1
1213539 1
1217462 1
1250923 1
1036693 1
1263231 1
1267038 1
1254231 1
986230 1
1178692 1
1175885 1
1171307 1
952346 1
1181462 1
3056077 1
1427731 1
961269 1
1209961 1
1234539 1
1234346 1
982308 1
1282423 1
1174038 1
1210654 1
959885 1
1180500 1
1199770 1
1169039 1
1020153 1
1208039 1
1224808 1
1203115 1
1006077 1
1233577 1
1204615 1
1237231 1
1020192 1
1174269 1
1339615 1
1246077 1
1059884 1
1257731 1
1204923 1
1208539 1
994462 1
1215423 1
1209577 1
1444154 1
1000461 1
1206538 1
1205500 1
1223270 1
984269 1
1206807 1
3299884 1
7189808 1
1235192 1
1195961 1
1194000 1
1272577 1
990346 1
963731 1
921154 1
983308 1
960692 1
974731 1
975154 1
970731 1
959847 1
1077500 1
977154 1
3032346 1
1015807 1
1974539 1
1009731 1
966461 1
1130884 1
961731 1
986538 1
974615 1
969654 1
1000154 1
971731 1
968000 1
976269 1
982923 1
1065731 1
968692 1
984423 1
980500 1
946846 1
970538 1
977962 1
973385 1
939116 1
949770 1
1152539 1
981347 1
947653 1
961884 1
936808 1
962962 1
984347 1
939885 1
974808 1
970693 1
999346 1
996654 1
963038 1
947038 1
978693 1
942308 1
940885 1
942500 1
936884 1
942577 1
938500 1
963346 1
1012577 1
945654 1
955769 1
969307 1
938500 1
949808 1
941961 1
973923 1
933576 1
1088077 1
1008154 1
973192 1
983000 1
937692 1
930423 1
949731 1
978769 1
975539 1
953077 1
1169384 1
999539 1
934885 1
952039 1
1963500 1
1217461 1
1176193 1
1173384 1
968423 1
1241500 1
1181230 1
1197846 1
937308 1
1161654 1
1192500 1
1165115 1
953077 1
2151615 1
7396577 1
1479615 1
1244193 1
1362692 1
1424616 1
1445461 1
1222885 1
1360923 1
1228616 1
1244346 1
1021692 1
1271269 1
1254462 1
1234692 1
1018116 1
1216423 1
1254731 1
1215885 1
1024308 1
1217884 1
1303500 1
1378038 1
997807 1
1234539 1
1245577 1
1198423 1
981077 1
1220116 1
1210269 1
1372308 1
1040269 1
1247346 1
1222731 1
1234616 1
1039077 1
1245577 1
1398923 1
1361500 1
1255923 1
1277693 1
1243692 1
1250885 1
1014385 1
1266193 1
1266692 1
1272769 1
996462 1
1206270 1
1171539 1
1167346 1
990192 1
1224193 1
1240808 1
1404616 1
1119846 1
1178923 1
1173961 1
1169154 1
978692 1
1216308 1
1213692 1
1206577 1
1047577 1
1192884 1
1211077 1
1212154 1
985385 1
1197385 1
1199308 1
1218269 1
1019115 1
1255653 1
1224192 1
2007231 1
998808 1
944846 1
942231 1
940692 1
1042692 1
984424 1
957615 1
943384 1
938385 1
954923 1
957731 1
961962 1
950308 1
952423 1
970116 1
1150346 1
987346 1
940038 1
974923 1
953692 1
930846 1
976116 1
930885 1
940577 1
936577 1
1876770 1
7311000 1
1208654 1
967769 1
1001961 1
955038 1
1136153 1
1101576 1
1196923 1
1163346 1
1185461 1
1048692 1
940884 1
970462 1
977231 1
1084885 1
1000654 1
980654 1
985885 1
984923 1
957423 1
964923 1
930500 1
940269 1
982923 1
978230 1
1011115 1
942461 1
973962 1
974039 1
945962 1
943346 1
996731 1
941038 1
966885 1
1103692 1
1005731 1
962962 1
975884 1
980654 1
971615 1
941269 1
964654 1
962000 1
966847 1
981923 1
1097731 1
932462 1
947269 1
950423 1
940846 1
934884 1
943154 1
969385 1
992692 1
952807 1
1070769 1
1011154 1
935462 1
936269 1
976731 1
2018384 1
1256154 1
1210500 1
995231 1
1268924 1
1250808 1
1205461 1
1031384 1
1236654 1
1229808 1
1207500 1
980192 1
1333924 1
1252923 1
1235308 1
960000 1
1195884 1
1183231 1
1172346 1
984231 1
1196923 1
1252769 1
1170538 1
964193 1
1197769 1
1175576 1
1176577 1
976423 1
1158770 1
1180962 1
1187116 1
987615 1
1251500 1
1247692 1
1192692 1
994038 1
1266039 1
1214115 1
1338615 1
1702884 1
7375961 1
1476961 1
1445308 1
1427769 1
1445962 1
1446039 1
1433885 1
1188846 1
1411884 1
1328769 1
1427384 1
1149500 1
1246077 1
1232500 1
1204692 1
982192 1
1203808 1
1252038 1
1236807 1
1264423 1
1215038 1
1223846 1
1261077 1
1018193 1
1228731 1
1237308 1
1216115 1
1226269 1
1253885 1
1241693 1
1212577 1
1007615 1
1228000 1
1198116 1
1425192 1
1242461 1
1341385 1
1266153 1
1256500 1
963538 1
1176462 1
1194616 1
2785076 1
996923 1
1203769 1
1166462 1
1188154 1
3852616 1
1830039 1
1298384 1
981577 1
934269 1
971654 1
978846 1
945770 1
944193 1
950192 1
1118115 1
963000 1
944577 1
944692 1
981692 1
988039 1
977615 1
981269 1
947923 1
939192 1
1075962 1
1004808 1
1065038 1
971039 1
1051000 1
971039 1
938654 1
953116 1
937500 1
944231 1
1078538 1
975231 1
948923 1
937154 1
973308 1
963154 1
956692 1
951923 1
969346 1
981846 1
1183193 1
1016192 1
954307 1
978769 1
939923 1
1005692 1
977346 1
975846 1
969538 1
936616 1
943000 1
965115 1
1693769 1
7023077 1
1248308 1
1193423 1
1372039 1
1113308 1
947307 1
963808 1
967269 1
1096230 1
973846 1
1084346 1
967693 1
965270 1
1072193 1
992808 1
989270 1
991923 1
944154 1
956153 1
955769 1
960731 1
979885 1
1023884 1
955385 1
986154 1
938038 1
969846 1
969730 1
970693 1
933616 1
994462 1
981308 1
984116 1
1144500 1
947038 1
939884 1
2695269 1
1260846 1
1253115 1
1205193 1
1023577 1
1267192 1
1338808 1
1256847 1
1016308 1
1244846 1
1237000 1
1205385 1
1130539 1
1349462 1
1202154 1
1199270 1
980961 1
1237923 1
1226038 1
1238769 1
976807 1
1399808 1
1324577 1
1239269 1
992653 1
1196346 1
1665038 1
994308 1
1242500 1
1552269 1
1448192 1
944115 1
1185039 1
1170962 1
1215577 1
1005961 1
1267769 1
1402962 1
1203385 1
991846 1
1181846 1
1156615 1
1172615 1
991654 1
1163808 1
1253385 1
1227116 1
955308 1
1174000 1
1182461 1
1254923 1
992192 1
1226654 1
1277385 1
1453731 1
1059115 1
1229077 1
1222461 1
1211384 1
977231 1
1208577 1
1244923 1
1192961 1
2007039 1
7389576 1
1479000 1
1448693 1
1220576 1
1377808 1
1261038 1
1253116 1
1230462 1
1210462 1
1238846 1
1241077 1
987385 1
1261693 1
1234308 1
1236769 1
1000808 1
1256039 1
1247039 1
1238615 1
998269 1
2855346 1
1034385 1
988808 1
986000 1
951923 1
944846 1
977770 1
979615 1
1076462 1
977423 1
946116 1
924231 1
974577 1
967307 1
994269 1
952231 1
959384 1
967654 1
933846 1
977461 1
965808 1
975077 1
930270 1
979731 1
983154 1
977423 1
935654 1
938077 1
1022807 1
976115 1
989039 1
945116 1
945423 1
940846 1
942730 1
955154 1
952615 1
970807 1
942923 1
1181230 1
944346 1
984230 1
943846 1
949962 1
938538 1
939346 1
945962 1
946385 1
970884 1
1121885 1
958500 1
987769 1
955731 1
963385 1
980461 1
938077 1
946269 1
936038 1
993384 1
942654 1
978461 1
958692 1
976269 1
950769 1
968538 1
936923 1
955000 1
942116 1
965346 1
1131192 1
976730 1
936000 1
943500 1
930039 1
948923 1
986000 1
948346 1
951807 1
951077 1
1737307 1
7209923 1
1212346 1
1195615 1
1173731 1
1077731 1
975000 1
1135692 1
988039 1
2969384 1
1271769 1
1216000 1
1201538 1
1012846 1
1338693 1
1327692 1
1223808 1
1023154 1
1225231 1
1216615 1
1256500 1
1021077 1
1352577 1
1271616 1
1206231 1
1012230 1
1236962 1
1234654 1
1228346 1
1018308 1
1245423 1
1235539 1
1206077 1
1000731 1
1199192 1
1210077 1
1238308 1
987308 1
1203500 1
1399346 1
1363961 1
980346 1
1200615 1
1339731 1
1326039 1
1093654 1
1220039 1
1284692 1
1255807 1
982192 1
1228231 1
1197500 1
1241692 1
1015692 1
1208808 1
1206615 1
1489847 1
1008000 1
1211884 1
1219846 1
1227500 1
965192 1
1197000 1
1173077 1
1294269 1
997269 1
1221807 1
1192962 1
1200923 1
988654 1
1212269 1
1181153 1
1209462 1
1000846 1
1192500 1
1204693 1
1191961 1
948807 1
1172230 1
1203231 1
1180347 1
1198115 1
1461347 1
1240462 1
1225038 1
979077 1
1200462 1
1221115 1
1237308 1
985347 1
1232769 1
1215038 1
1226654 1
975923 1
1195884 1
1180615 1
1966538 1
1030846 1
1014961 1
956384 1
1669885 1
7102385 1
1213577 1
1211538 1
1211846 1
1102807 1
965884 1
988039 1
954807 1
992654 1
941231 1
943654 1
949000 1
974654 1
1025846 1
987269 1
986500 1
980962 1
977615 1
966884 1
992077 1
977462 1
966847 1
983500 1
1016616 1
975847 1
944000 1
957500 1
988808 1
2659846 1
946077 1
979846 1
1145500 1
948462 1
970654 1
934039 1
978308 1
978154 1
942000 1
967654 1
978307 1
937885 1
1124500 1
940500 1
981846 1
938616 1
944077 1
939884 1
979384 1
2150654 1
1028846 1
1070308 1
1009808 1
952962 1
948692 1
934923 1
969654 1
956424 1
983500 1
987962 1
988846 1
1129769 1
969346 1
945731 1
939000 1
943270 1
994538 1
986962 1
973962 1
963000 1
942884 1
958769 1
993153 1
929385 1
983770 1
952346 1
941000 1
933308 1
957308 1
958654 1
982193 1
1903270 1
1046500 1
1211153 1
1245385 1
1260962 1
1031539 1
1320307 1
1266500 1
1272231 1
1201000 1
1269231 1
1183692 1
1224616 1
991038 1
1177923 1
1161346 1
1348308 1
1158346 1
1217077 1
1911884 1
7256730 1
1270270 1
1648961 1
1443308 1
1443077 1
1177270 1
1311154 1
1331154 1
1256692 1
1118616 1
1264193 1
1208384 1
1239653 1
1004500 1
1324077 1
1234539 1
1213269 1
1015692 1
1264384 1
1319923 1
1423616 1
1099500 1
1258769 1
1257731 1
1205808 1
1095961 1
1332385 1
1251577 1
1235231 1
1020769 1
1240461 1
1212923 1
2403038 1
1773000 1
1433769 1
1249539 1
1203885 1
1011000 1
1218847 1
1204807 1
1252808 1
1230846 1
1688462 1
1226654 1
993423 1
1231077 1
1210539 1
1231346 1
1008423 1
1264500 1
1250231 1
1230269 1
987615 1
1181923 1
1201616 1
1207384 1
972885 1
1447731 1
1240347 1
1344730 1
985270 1
1202461 1
1215692 1
1211038 1
1022847 1
1194846 1
1244577 1
1171385 1
3955538 1
1296269 1
1194269 1
1824231 1
1433423 1
1233077 1
1217577 1
1213269 1
1032807 1
1226693 1
1223423 1
1526923 1
1214308 1
1245193 1
1196500 1
1257116 1
1005461 1
1250346 1
1208153 1
1309462 1
1009539 1
1251461 1
1219923 1
1200885 1
982423 1
1210654 1
1221846 1
1218538 1
1210692 1
1212539 1
1203384 1
2033809 1
6757116 1
1605770 1
1495308 1
1450538 1
1139423 1
3304193 1
1291616 1
1809000 1
1363000 1
1260000 1
1238308 1
1226154 1
1009000 1
1237807 1
1320347 1
1298884 1
996231 1
1213885 1
1190769 1
1218116 1
986000 1
1199269 1
1239038 1
1415654 1
1055346 1
1239769 1
1221461 1
1227039 1
1020577 1
1237577 1
1172192 1
1238538 1
976538 1
1195231 1
1181346 1
1249577 1
1017692 1
1211192 1
1218538 1
1197539 1
1248077 1
1314539 1
1236000 1
1232231 1
982577 1
1196385 1
1198192 1
1223308 1
1014577 1
1466077 1
1279961 1
1188616 1
1028154 1
2504462 1
1033654 1
999577 1
1166923 1
940000 1
939538 1
954270 1
954654 1
945192 1
949269 1
952615 1
960038 1
949539 1
1049115 1
991230 1
951693 1
956769 1
970154 1
997115 1
969807 1
939885 1
949885 1
943654 1
1261923 1
968885 1
1008731 1
2966038 1
1017462 1
949769 1
912193 1
920923 1
1121077 1
967500 1
943885 1
958539 1
973308 1
935346 1
943731 1
991115 1
980423 1
945231 1
947077 1
980769 1
999884 1
953923 1
926039 1
1748192 1
7153423 1
1237846 1
1201500 1
1177116 1
1106269 1
986423 1
979808 1
937538 1
967231 1
982000 1
1128116 1
959461 1
957693 1
945154 1
937076 1
968154 1
976538 1
950885 1
949577 1
968424 1
1098577 1
987461 1
979962 1
972270 1
975962 1
965115 1
991000 1
938770 1
975500 1
943884 1
1085039 1
980962 1
936770 1
975577 1
1433192 1
964231 1
962576 1
1977577 1
1247730 1
1233385 1
1049847 1
1241192 1
1244230 1
1268577 1
957269 1
1195962 1
1208269 1
1554884 1
1101154 1
1213885 1
1211808 1
1246192 1
985461 1
1218270 1
1235577 1
1349077 1
999884 1
1196192 1
1195038 1
1229077 1
945923 1
1225192 1
1236770 1
1449961 1
1115308 1
1240154 1
1214230 1
1205116 1
1011346 1
1198000 1
1228807 1
1236077 1
1103962 1
1347961 1
1206923 1
1253462 1
1037462 1
1211385 1
1211385 1
1240308 1
1166230 1
1407192 1
1192346 1
1210500 1
941077 1
1205616 1
1213076 1
1196731 1
1052577 1
1338616 1
1253384 1
1329154 1
1000500 1
1212846 1
1206038 1
1206692 1
984884 1
1411192 1
1248385 1
1964308 1
8554692 1
1912730 1
1652270 1
1452500 1
1221808 1
1441654 1
1355461 1
2080308 1
1355192 1
1425654 1
1420885 1
1195962 1
987616 1
1210115 1
1218539 1
1232346 1
976231 1
1191269 1
1223038 1
1229616 1
989923 1
1212884 1
1168653 1
1205731 1
2163039 1
992692 1
951653 1
985423 1
968923 1
1872692 1
1015000 1
1064231 1
1003731 1
967846 1
974885 1
1037577 1
947615 1
989923 1
959000 1
1025539 1
1000539 1
1168154 1
1004193 1
979038 1
1935346 1
997577 1
948615 1
977654 1
937577 1
953538 1
1048730 1
961423 1
935846 1
968654 1
973847 1
975077 1
966654 1
988615 1
959615 1
971385 1
988692 1
963039 1
928846 1
950961 1
981038 1
970077 1
949730 1
962884 1
971884 1
944500 1
1119192 1
1033385 1
984270 1
949269 1
990116 1
974423 1
979500 1
978077 1
950038 1
985000 1
1030693 1
965961 1
944154 1
1001346 1
950500 1
982000 1
950000 1
966115 1
937269 1
944192 1
945500 1
1120270 1
945962 1
984192 1
953923 1
946539 1
973539 1
936308 1
936500 1
1731308 1
7194769 1
1206846 1
1200500 1
1189000 1
1093653 1
977308 1
1182269 1
982692 1
953539 1
977885 1
948769 1
3827077 1
1067000 1
1948038 1
1342884 1
1047500 1
1225346 1
1208115 1
1231154 1
1013577 1
1246154 1
1236270 1
1242193 1
1024193 1
1233154 1
1244423 1
1243538 1
1000769 1
1238538 1
1339731 1
1273385 1
1017115 1
1227308 1
1213077 1
1239885 1
952038 1
1204231 1
1203923 1
1168692 1
1008653 1
1197269 1
1194115 1
1203000 1
977500 1
1210231 1
1210000 1
1311807 1
1011539 1
1205653 1
1209923 1
1181885 1
990192 1
1178577 1
1187730 1
1301770 1
1110115 1
1227039 1
1245385 1
1205308 1
984615 1
1255000 1
1233500 1
1233769 1
1100000 1
1178923 1
1205923 1
1218615 1
1022115 1
1212077 1
1185807 1
1264538 1
967462 1
1211769 1
1229961 1
1276731 1
968731 1
1219038 1
1183000 1
1187615 1
993385 1
1381731 1
1238461 1
1206039 1
1036615 1
1228770 1
1213461 1
1211424 1
1003885 1
1248885 1
1237500 1
1204846 1
982461 1
1222769 1
1245500 1
1242770 1
992923 1
2535885 1
1008538 1
993116 1
1686577 1
7071077 1
1222731 1
1202038 1
1151577 1
1053577 1
933116 1
952077 1
939385 1
941538 1
936423 1
2980231 1
1030577 1
953308 1
957038 1
931770 1
952154 1
947616 1
911154 1
945961 1
937193 1
942000 1
952077 1
950962 1
954000 1
954077 1
948923 1
935923 1
936808 1
914770 1
954615 1
982462 1
960731 1
945039 1
946231 1
920731 1
910924 1
926308 1
936000 1
920308 1
907423 1
2886885 1
1193346 1
1156615 1
1019192 1
936039 1
963077 1
935962 1
955654 1
1017538 1
968808 1
992654 1
958961 1
952885 1
962154 1
954770 1
973923 1
983038 1
955423 1
977692 1
1219884 1
964769 1
958923 1
947616 1
980384 1
4497808 1
1188269 1
1024423 1
989385 1
956230 1
966500 1
960192 1
964385 1
919192 1
950115 1
939962 1
953269 1
935846 1
967231 1
928000 1
911231 1
930038 1
938000 1
917038 1
1761269 1
992461 1
1446923 1
1328077 1
1174962 1
989192 1
1147538 1
1200462 1
1140347 1
999962 1
1205615 1
1204154 1
1152385 1
957154 1
1142576 1
1139077 1
1882885 1
7084615 1
1414808 1
1398346 1
1386154 1
1097307 1
1169962 1
1175653 1
1332654 1
1037962 1
1181192 1
1176538 1
1131538 1
979654 1
1155769 1
1178884 1
1197000 1
1012539 1
1164077 1
1136846 1
1177346 1
1034654 1
1247577 1
1241039 1
1238346 1
1145000 1
1271654 1
1247769 1
1207654 1
1013385 1
1231038 1
1201038 1
1249269 1
1073270 1
1359269 1
1237038 1
1239808 1
946654 1
1183000 1
1204346 1
1203769 1
949539 1
1375884 1
1219346 1
1174154 1
951077 1
1166731 1
1199115 1
1176462 1
1016654 1
1278769 1
1242193 1
1258577 1
952847 1
1207692 1
1134461 1
1179192 1
984808 1
1188539 1
1211116 1
1245038 1
1063308 1
1184731 1
1219193 1
1218385 1
982923 1
1196693 1
1168500 1
1315693 1
958962 1
1218500 1
4168346 1
957539 1
983654 1
1165653 1
986654 1
957846 1
953462 1
959116 1
958461 1
912192 1
989923 1
980615 1
952423 1
943924 1
1025423 1
956307 1
944577 1
986693 1
944461 1
966769 1
936154 1
968653 1
946231 1
1165038 1
968308 1
961693 1
961000 1
941885 1
982154 1
1711001 1
7133577 1
1227000 1
1207769 1
1174500 1
1082616 1
977654 1
988769 1
969654 1
978616 1
1074154 1
995923 1
979846 1
978308 1
987961 1
969307 1
996192 1
977846 1
964154 1
957230 1
1074038 1
1010461 1
981385 1
963731 1
975577 1
987923 1
956000 1
979807 1
969192 1
971962 1
978423 1
1012385 1
997116 1
948308 1
988923 1
950231 1
977307 1
972039 1
1001423 1
991653 1
964885 1
971000 1
973846 1
944269 1
993077 1
960038 1
937846 1
946923 1
925692 1
941231 1
962846 1
1178885 1
990154 1
956154 1
946616 1
1998423 1
1265923 1
1216692 1
1006000 1
1337461 1
1287346 1
1248307 1
1022270 1
1189462 1
1187038 1
1217346 1
985269 1
1217731 1
1370616 1
1214385 1
947346 1
1211308 1
1199885 1
1213115 1
951346 1
1249346 1
1319769 1
1430808 1
1191808 1
1450077 1
1204807 1
1205616 1
954424 1
1186769 1
1297000 1
1226884 1
993346 1
1215231 1
1179000 1
1339192 1
978846 1
1207924 1
1178500 1
1301923 1
972000 1
1168924 1
1158231 1
1173269 1
1013577 1
1178808 1
2158615 1
7413807 1
1632538 1
1424308 1
1432500 1
1155885 1
1221654 1
1226231 1
1225500 1
989616 1
1168615 1
1202230 1
1201577 1
982077 1
1227846 1
1382230 1
1218231 1
1013308 1
1219038 1
1212500 1
1251923 1
1031693 1
1339731 1
1262115 1
1206077 1
990192 1
1271539 1
1256308 1
1237923 1
1017538 1
1230539 1
1492577 1
1216731 1
1017192 1
1244077 1
1234653 1
1200846 1
982154 1
1239077 1
1360077 1
1234384 1
2030500 1
997692 1
982500 1
981154 1
951038 1
952308 1
1066538 1
1020693 1
975154 1
979385 1
966269 1
977423 1
946923 1
976038 1
951654 1
987846 1
1181500 1
1012769 1
969962 1
979115 1
969308 1
938884 1
947577 1
975077 1
954500 1
977308 1
946962 1
1132231 1
995308 1
984731 1
941269 1
951923 1
938231 1
935269 1
989500 1
982269 1
981615 1
1140192 1
954462 1
937731 1
945346 1
936423 1
956230 1
944846 1
952077 1
934039 1
976769 1
1010846 1
3842154 1
1023230 1
971539 1
934424 1
939269 1
938807 1
941654 1
968616 1
960192 1
961346 1
941269 1
1749461 1
7048769 1
1415077 1
1200769 1
1189269 1
1092462 1
977192 1
973731 1
958231 1
971154 1
945654 1
1029692 1
998077 1
967423 1
979269 1
980230 1
958000 1
929230 1
973384 1
985154 1
970731 1
1038231 1
972039 1
951923 1
989039 1
960962 1
974615 1
2600693 1
1249000 1
1324692 1
1021769 1
1210808 1
1219923 1
1195115 1
962231 1
1203846 1
1209115 1
1211038 1
1301654 1
1283385 1
1209308 1
1223500 1
1017347 1
1205192 1
1209038 1
1240384 1
1231808 1
1386154 1
1215077 1
1255461 1
999731 1
1200769 1
1234308 1
1218269 1
1174615 1
1342884 1
1422307 1
1208077 1
1030116 1
1225769 1
1196731 1
1271000 1
1089000 1
1452269 1
1391384 1
1193654 1
962461 1
1224346 1
1174923 1
1281462 1
1006654 1
1379269 1
1246462 1
1238500 1
958885 1
1167193 1
1196654 1
1179500 1
983961 1
1290115 1
1242192 1
1214577 1
993346 1
1197077 1
1212269 1
1256962 1
992000 1
1174115 1
1240846 1
1195846 1
961654 1
1179115 1
1176654 1
1228654 1
959154 1
1182962 1
1212770 1
1322077 1
1002654 1
1180539 1
1919423 1
7060616 1
1174385 1
1424000 1
1285923 1
1197731 1
985693 1
1226154 1
1231385 1
1352192 1
1144577 1
1334616 1
2718962 1
2636423 1
1005000 1
974308 1
1124039 1
972308 1
989846 1
986769 1
977654 1
976077 1
971539 1
947077 1
967000 1
981077 1
1148154 1
953884 1
978000 1
940307 1
955192 1
941692 1
945500 1
950153 1
962000 1
947423 1
1162000 1
1169384 1
1186884 1
1162269 1
1044385 1
977500 1
937538 1
953385 1
939731 1
967077 1
982653 1
973962 1
941385 1
2671885 1
974846 1
970270 1
959154 1
986077 1
1061846 1
976616 1
1192000 1
1182115 1
977884 1
949384 1
955269 1
954385 1
935615 1
973730 1
1209654 1
983269 1
946846 1
966308 1
953885 1
990808 1
972077 1
1001462 1
958385 1
955269 1
1111808 1
940808 1
943000 1
962962 1
950385 1
945385 1
954038 1
949116 1
992731 1
965884 1
1158693 1
949692 1
997769 1
946808 1
943461 1
941269 1
967038 1
937577 1
937500 1
942731 1
1179884 1
971654 1
979346 1
941154 1
1941500 1
1014153 1
1955154 1
7282308 1
1488769 1
1212769 1
1298770 1
1225384 1
1206308 1
1012577 1
1208231 1
1252423 1
1201769 1
1010538 1
1232346 1
1241770 1
1200692 1
991231 1
1203077 1
1300461 1
1204462 1
986115 1
1184923 1
1190039 1
1185077 1
969577 1
1232769 1
1205615 1
1230154 1
946462 1
1217924 1
1169885 1
1191153 1
973116 1
1177538 1
1174538 1
1157115 1
1011731 1
1230731 1
1191923 1
1235384 1
1008961 1
1228500 1
1233923 1
1322576 1
1041962 1
1208846 1
1240077 1
1239115 1
975385 1
1194346 1
1223154 1
1234846 1
1267923 1
1257269 1
1179116 1
1198423 1
948116 1
1206616 1
1193654 1
1194808 1
1072038 1
1214230 1
1203154 1
1218039 1
976693 1
1233115 1
1199115 1
1206731 1
961462 1
1214423 1
1296884 1
1183346 1
1024731 1
1204154 1
1216077 1
1239923 1
980385 1
1322116 1
1284654 1
1222923 1
987000 1
1175654 1
1177192 1
1986039 1
978769 1
914615 1
1205385 1
953307 1
916423 1
953923 1
985615 1
962500 1
929884 1
955654 1
944384 1
975885 1
1058808 1
952961 1
935115 1
950654 1
938846 1
1957538 1
7018384 1
1251462 1
1205769 1
1171576 1
1090269 1
975231 1
991615 1
967539 1
938346 1
1068962 1
1015269 1
967038 1
927769 1
956116 1
975423 1
962230 1
954385 1
970885 1
960038 1
974346 1
1111077 1
976385 1
971731 1
963077 1
967500 1
962693 1
979269 1
959616 1
982384 1
979923 1
1125923 1
974847 1
993885 1
957116 1
943462 1
973769 1
990884 1
985808 1
960615 1
967962 1
1072770 1
985923 1
974000 1
944192 1
932616 1
943308 1
975577 1
926962 1
967154 1
940615 1
1164731 1
1002846 1
982231 1
930154 1
971731 1
970616 1
928808 1
935577 1
978269 1
945731 1
921270 1
987346 1
963038 1
942038 1
943230 1
928923 1
947807 1
937230 1
2010654 1
1286884 1
2033039 1
1256000 1
1238154 1
1226192 1
1028346 1
1209615 1
1218654 1
1463615 1
1270539 1
1192270 1
1183462 1
1178192 1
955693 1
1163846 1
1171230 1
1173115 1
1197846 1
1179808 1
1191577 1
1189962 1
984846 1
1275577 1
1203000 1
1315116 1
1156192 1
1175077 1
1149615 1
1206000 1
1040884 1
1967000 1
6981115 1
1317885 1
1009500 1
1213077 1
1221346 1
1204231 1
1000000 1
1202577 1
1587307 1
1419231 1
1217769 1
1393538 1
1216000 1
1220384 1
981192 1
1217039 1
1225885 1
1203269 1
1003539 1
1204384 1
1219000 1
1169538 1
942231 1
1205808 1
1189154 1
1211500 1
1030423 1
1254346 1
1251192 1
1258461 1
1021884 1
1203769 1
1340500 1
1478154 1
1192923 1
1428962 1
1240307 1
1235154 1
1021308 1
1290384 1
1214808 1
1457538 1
1218462 1
1245346 1
1207039 1
1225385 1
996923 1
1170077 1
1224192 1
1188962 1
3928384 1
998846 1
953038 1
976500 1
953308 1
948115 1
979424 1
951115 1
943076 1
947308 1
980000 1
953961 1
953231 1
1010615 1
954000 1
940807 1
1107500 1
961692 1
943000 1
930538 1
950577 1
990616 1
957115 1
947962 1
977885 1
962000 1
1056039 1
934077 1
912193 1
950538 1
995846 1
954923 1
969000 1
943730 1
939961 1
949692 1
938808 1
963770 1
982884 1
953231 1
1006539 1
1012500 1
963693 1
982116 1
962423 1
948153 1
1041270 1
1107346 1
1213115 1
1851230 1
6875462 1
1004769 1
963500 1
1223038 1
969847 1
965538 1
962961 1
995269 1
958423 1
968385 1
972923 1
976423 1
986846 1
997577 1
985000 1
968307 1
994923 1
984384 1
999500 1
982961 1
968462 1
976692 1
979192 1
1001462 1
944231 1
932500 1
960807 1
941039 1
987308 1
955808 1
976270 1
923077 1
957808 1
4345346 1
1209654 1
957577 1
1209461 1
1201039 1
1286769 1
1029192 1
1175885 1
1213847 1
2620154 1
999384 1
1216039 1
1214039 1
1352538 1
1178000 1
1173231 1
1180116 1
1168346 1
1016923 1
1204615 1
1206462 1
1177423 1
1152192 1
1249000 1
1221692 1
1257307 1
1022423 1
1233884 1
1222769 1
1373847 1
1151616 1
1307693 1
1236423 1
1265539 1
1015808 1
1223962 1
1210308 1
1190077 1
1206193 1
1349923 1
1170808 1
1269808 1
960576 1
1177923 1
1171000 1
1167577 1
1032769 1
1254538 1
1204615 1
1204230 1
986500 1
1240192 1
1231808 1
1211577 1
998384 1
1467038 1
1215153 1
1239307 1
992692 1
1217654 1
1216000 1
1200154 1
988616 1
1236000 1
1456500 1
1208577 1
1722923 1
7193769 1
1442039 1
1443615 1
1179423 1
1300423 1
1218385 1
1200077 1
990115 1
1173654 1
1201692 1
1201077 1
998961 1
1202385 1
1195077 1
1203039 1
948731 1
1189885 1
1207423 1
3109077 1
1066307 1
981885 1
985538 1
990346 1
985769 1
956846 1
950539 1
1056269 1
1001808 1
955885 1
989000 1
946000 1
966461 1
967384 1
958846 1
981462 1
978808 1
1116077 1
1005385 1
974770 1
986231 1
941462 1
928769 1
968961 1
941346 1
981192 1
940308 1
936807 1
1096115 1
1006692 1
980193 1
960423 1
931154 1
973769 1
943615 1
973577 1
980692 1
1129846 1
1116962 1
977576 1
1072654 1
976269 1
943808 1
934885 1
951730 1
952000 1
949154 1
936038 1
1004654 1
923385 1
912154 1
903423 1
916346 1
984077 1
951885 1
973962 1
1001192 1
947461 1
1146231 1
1003193 1
982423 1
976384 1
977923 1
936692 1
950154 1
947346 1
946731 1
982731 1
995654 1
969270 1
960923 1
983846 1
978885 1
944231 1
973116 1
946577 1
942692 1
932808 1
981653 1
956077 1
1684232 1
7242615 1
1212230 1
2246423 1
1539154 1
1242269 1
1452962 1
1340539 1
1221346 1
1012769 1
1250538 1
1367500 1
1245077 1
1019385 1
1244346 1
1222038 1
1245461 1
977539 1
1201192 1
1218615 1
1254000 1
1044038 1
1243308 1
1233961 1
1252154 1
998769 1
1228923 1
1349808 1
1379654 1
1033039 1
1213923 1
1178654 1
1201731 1
950307 1
1163769 1
1197461 1
1321385 1
986423 1
1215846 1
1175385 1
1176077 1
956769 1
1178577 1
1207654 1
1193808 1
1285539 1
1299500 1
1239500 1
1188692 1
983423 1
1229423 1
1216654 1
1227462 1
1023923 1
1228462 1
1203884 1
1216000 1
976038 1
1209731 1
1202462 1
1213847 1
1168961 1
1348307 1
1345270 1
1261231 1
1000654 1
1186192 1
1220307 1
1211423 1
955346 1
1275077 1
1209077 1
1177615 1
1023461 1
1214000 1
1226615 1
1190308 1
1026154 1
1191308 1
1197576 1
1234346 1
955770 1
1169654 1
1204730 1
1174923 1
1930462 1
1029808 1
1035923 1
949461 1
978769 1
944307 1
939154 1
988115 1
982962 1
974423 1
951769 1
1171116 1
971000 1
965115 1
964577 1
1720346 1
6989692 1
1306346 1
1231615 1
1203346 1
1085847 1
978154 1
992039 1
971154 1
972769 1
1220462 1
961846 1
1210884 1
1180577 1
1009000 1
988616 1
956500 1
975654 1
982846 1
994807 1
962038 1
949307 1
1028154 1
955347 1
976308 1
952923 1
977230 1
980269 1
961076 1
953231 1
986384 1
978770 1
1195500 1
1166923 1
1183500 1
998308 1
976846 1
951615 1
979231 1
959500 1
930577 1
1069308 1
1078385 1
941077 1
948923 1
959269 1
975077 1
994885 1
988154 1
942808 1
978192 1
973116 1
972769 1
971654 1
947808 1
972731 1
989385 1
977462 1
963885 1
998923 1
943077 1
1047808 1
1020038 1
959346 1
974461 1
973000 1
935961 1
983616 1
964231 1
954462 1
978193 1
948692 1
2157347 1
1011538 1
1177461 1
1234461 1
1205192 1
987692 1
1208347 1
1225270 1
1229538 1
1186116 1
1419884 1
1222423 1
1252846 1
1030038 1
1246077 1
1384269 1
1479192 1
1035269 1
1210731 1
1191269 1
1266231 1
980808 1
1220192 1
1177423 1
1500770 1
969462 1
1229654 1
1192500 1
1936269 1
7000231 1
1449846 1
1423423 1
1412808 1
1125539 1
1213039 1
1233231 1
1220038 1
1107769 1
1246154 1
1206154 1
1204962 1
1030115 1
1233000 1
1239115 1
3401808 1
1379923 1
1440961 1
1320538 1
1201769 1
996654 1
2268115 1
1761000 1
1645692 1
1176923 1
1322654 1
1210923 1
1219731 1
952538 1
1255846 1
1238192 1
1245230 1
995346 1
1195423 1
1194885 1
1174730 1
1019962 1
1253308 1
1353115 1
1253154 1
1025077 1
1250461 1
1214731 1
1249500 1
1021884 1
1232154 1
4048846 1
1274039 1
1024616 1
1219308 1
1202500 1
1224885 1
1760846 1
1678769 1
1376654 1
2547192 1
1003462 1
973385 1
950847 1
1086115 1
988500 1
962731 1
958808 1
1019462 1
955961 1
956846 1
954616 1
984423 1
944116 1
1117807 1
970423 1
944077 1
949307 1
981193 1
913154 1
955962 1
999808 1
983038 1
988654 1
1045077 1
1010769 1
1210615 1
948116 1
944154 1
948923 1
939384 1
975616 1
977308 1
945769 1
1181539 1
995846 1
987885 1
939462 1
946115 1
954000 1
979577 1
970808 1
942500 1
943462 1
1750846 1
7100346 1
1217115 1
1205000 1
1185884 1
989846 1
1159000 1
953846 1
1006423 1
976000 1
976808 1
968000 1
987538 1
949000 1
988115 1
980769 1
1096346 1
973615 1
998154 1
977846 1
973115 1
997039 1
946346 1
975808 1
975230 1
957692 1
1131000 1
982269 1
979538 1
988039 1
977730 1
971077 1
971769 1
939000 1
944231 1
955885 1
1098423 1
942077 1
918500 1
946346 1
961423 1
2616077 1
1300500 1
1209154 1
1455807 1
1037000 1
1211962 1
1233077 1
1188692 1
1019807 1
1211962 1
1185731 1
1220461 1
994577 1
1174077 1
1214731 1
1183308 1
994577 1
1228923 1
1208462 1
1210423 1
1278654 1
1290846 1
1170423 1
1202039 1
976270 1
1207154 1
1173192 1
1181692 1
1164038 1
1232308 1
1219423 1
1252461 1
1028154 1
1217039 1
1213692 1
1209961 1
957000 1
1507962 1
1333307 1
1221461 1
989000 1
1222846 1
1244577 1
1210231 1
1038077 1
1476269 1
1223500 1
1223115 1
1015000 1
1250577 1
1184846 1
1217000 1
976000 1
1221539 1
1228423 1
1253846 1
999539 1
1200192 1
1247962 1
1962154 1
7280308 1
1458269 1
1430038 1
1428616 1
1141884 1
1242346 1
1388115 1
1255500 1
1009577 1
1236807 1
1237654 1
1237077 1
979847 1
1205384 1
1244154 1
1251192 1
997539 1
1205962 1
1195346 1
1217115 1
988923 1
1213461 1
1201884 1
1333154 1
1022577 1
2653576 1
1027231 1
973616 1
972885 1
942423 1
978000 1
1032385 1
1008039 1
981731 1
983539 1
976885 1
945269 1
948808 1
976154 1
974230 1
945731 1
969038 1
988462 1
965153 1
941154 1
959308 1
985654 1
964807 1
947308 1
948385 1
940269 1
1014269 1
1035539 1
952116 1
942384 1
962308 1
1097769 1
954923 1
983769 1
995308 1
981847 1
1148962 1
967577 1
993077 1
957193 1
985000 1
926192 1
1014692 1
965154 1
954077 1
962461 1
1029962 1
1022692 1
986192 1
978154 1
977923 1
984500 1
952731 1
947500 1
953231 1
985577 1
941577 1
1173231 1
928038 1
917154 1
987000 1
938846 1
939923 1
946461 1
955654 1
943116 1
985346 1
985308 1
980577 1
984039 1
943923 1
983270 1
965923 1
944885 1
1697385 1
7160692 1
1222923 1
1209269 1
979000 1
945269 1
971384 1
1883923 1
1615192 1
1496846 1
1220269 1
1437693 1
1446423 1
1351770 1
1025692 1
1221961 1
1334847 1
1264616 1
990384 1
1196731 1
1221654 1
1210654 1
961385 1
1206616 1
1311961 1
1187039 1
1012615 1
1238807 1
1236538 1
1206807 1
982270 1
1214038 1
1174231 1
1372231 1
1042500 1
1205461 1
1183077 1
1199731 1
1021615 1
1217808 1
1208385 1
1225077 1
1058846 1
1168192 1
1237269 1
1247961 1
965730 1
1233577 1
1216077 1
1204116 1
1117423 1
1233539 1
1210000 1
1177115 1
958385 1
1194424 1
1171616 1
1188538 1
1013423 1
1494115 1
1169462 1
1195923 1
996577 1
1209231 1
1249769 1
1223808 1
1016769 1
1408654 1
1245885 1
1253385 1
999193 1
1236077 1
1272115 1
1205000 1
1023154 1
1241461 1
1245346 1
1211654 1
1001115 1
1174846 1
1212769 1
1214000 1
997693 1
1215654 1
1373423 1
1184846 1
1000461 1
1166615 1
1183923 1
1178077 1
983616 1
1209115 1
1213615 1
3686192 1
1030231 1
951385 1
941769 1
955038 1
944654 1
971116 1
1851577 1
7268577 1
1211885 1
1202000 1
1180346 1
1250500 1
988385 1
980346 1
953808 1
971961 1
978308 1
974961 1
970423 1
978423 1
983884 1
1064807 1
972885 1
993654 1
988269 1
941154 1
967731 1
994962 1
975270 1
965385 1
928538 1
959770 1
1012692 1
978885 1
946500 1
937385 1
961307 1
970269 1
974769 1
982808 1
995385 1
1186308 1
1004115 1
935961 1
946539 1
981462 1
944539 1
977500 1
981346 1
980885 1
2089846 1
1048692 1
969231 1
952961 1
931269 1
979347 1
977384 1
965961 1
976231 1
944077 1
976500 1
1153038 1
981153 1
952270 1
963154 1
942308 1
925884 1
980346 1
954270 1
1956539 1
1136385 1
979923 1
942962 1
948654 1
984693 1
967308 1
938231 1
972462 1
952154 1
936577 1
1102038 1
960153 1
930577 1
954384 1
3929731 1
1001923 1
1233808 1
1324308 1
1183116 1
1009846 1
1172962 1
1204115 1
1179308 1
958231 1
1211500 1
1196269 1
1243039 1
988923 1
1228731 1
1223077 1
1203115 1
981654 1
1210616 1
1209270 1
1331615 1
1124885 1
1987654 1
7344846 1
1610808 1
1264038 1
1450500 1
1451462 1
1251692 1
986769 1
1242616 1
1210962 1
1197577 1
1139231 1
1440538 1
1408615 1
1413462 1
1014538 1
1223269 1
1195461 1
1208616 1
1041308 1
1224116 1
1195115 1
1233885 1
1121039 1
1223961 1
1219692 1
1208346 1
1158000 1
1251731 1
1246077 1
1197807 1
1021654 1
1238654 1
1229346 1
1212692 1
1195577 1
1342230 1
1181346 1
1169193 1
949270 1
1212654 1
1212384 1
1168653 1
945424 1
1312500 1
1218038 1
1200269 1
991577 1
1197731 1
1195039 1
1196000 1
946116 1
1172154 1
1335423 1
1167923 1
1026193 1
1254230 1
1204154 1
1233923 1
1007116 1
3354653 1
1044961 1
957923 1
942847 1
982192 1
956231 1
970000 1
966577 1
973577 1
1068462 1
947307 1
1008346 1
992615 1
987577 1
971346 1
938885 1
988769 1
946731 1
978462 1
1100385 1
958654 1
951884 1
975846 1
959039 1
957730 1
944000 1
948654 1
953654 1
944808 1
1151692 1
1006923 1
1002769 1
950769 1
955346 1
958269 1
949653 1
982923 1
943846 1
967615 1
1039769 1
1770154 1
6800923 1
1016461 1
982461 1
991077 1
988500 1
984769 1
973153 1
980769 1
957692 1
998539 1
986846 1
1011115 1
1032923 1
984500 1
1087385 1
1098346 1
1054500 1
1003846 1
974307 1
961615 1
977962 1
947500 1
933538 1
946770 1
926270 1
1215231 1
1187269 1
1051539 1
970461 1
949962 1
983385 1
971500 1
941154 1
980000 1
1253500 1
1015577 1
981000 1
949000 1
976693 1
945923 1
2620462 1
1007192 1
1225193 1
1247884 1
1200846 1
2773115 1
1267693 1
1226077 1
1196000 1
1261346 1
1418884 1
1375924 1
1225769 1
996000 1
1230769 1
1235615 1
1216384 1
1299654 1
1461231 1
1182000 1
1198154 1
974538 1
1195346 1
1234346 1
1201808 1
999654 1
1237384 1
1230423 1
1179000 1
962385 1
2246961 1
1222961 1
1224847 1
1215192 1
1223192 1
1209423 1
1198193 1
965846 1
1173500 1
1201692 1
1174808 1
1045615 1
1260808 1
1240807 1
1232385 1
1103846 1
1219615 1
1219154 1
1203231 1
1013615 1
1721193 1
1231269 1
1208577 1
985961 1
1193731 1
1226461 1
1253961 1
1000231 1
1334923 1
2043307 1
7405154 1
1033038 1
1226346 1
1305077 1
1453539 1
1232769 1
1451077 1
1454538 1
1196769 1
1025231 1
1219577 1
1277924 1
1230693 1
993269 1
1214384 1
1252462 1
1220961 1
993769 1
1227346 1
1262231 1
1267962 1
994731 1
1246385 1
1875692 1
1260000 1
982308 1
975693 1
948731 1
1187808 1
968846 1
974384 1
911308 1
979769 1
972769 1
935385 1
936115 1
981730 1
987423 1
1114193 1
987539 1
977539 1
979307 1
965384 1
954500 1
970193 1
941115 1
957962 1
958000 1
1089154 1
1009808 1
970269 1
974192 1
979576 1
962193 1
975770 1
1095885 1
956000 1
971885 1
1105808 1
972038 1
2825000 1
982038 1
943923 1
986193 1
977384 1
984039 1
1336000 1
980769 1
989116 1
992039 1
952961 1
948423 1
942731 1
953692 1
957770 1
941692 1
1093231 1
1024346 1
914577 1
963846 1
986500 1
955077 1
939192 1
996192 1
968307 1
942500 1
1188577 1
1011769 1
937000 1
943654 1
949807 1
940115 1
988346 1
946577 1
929654 1
925269 1
944154 1
1020077 1
966154 1
1710307 1
7159115 1
1216154 1
2421770 1
1245770 1
1205808 1
1178269 1
1087923 1
970270 1
1981577 1
1177654 1
1477731 1
1427654 1
1349116 1
1020462 1
1229115 1
1240231 1
1242692 1
1192385 1
1474039 1
1215731 1
1189961 1
998884 1
1228500 1
1223462 1
1259231 1
1175269 1
1391616 1
4309308 1
1288808 1
988269 1
1227539 1
1333231 1
1220962 1
981692 1
1168885 1
1650539 1
990846 1
1214769 1
1187846 1
1490961 1
1099500 1
1235307 1
1218269 1
1213385 1
1017308 1
1214384 1
1248154 1
1306154 1
1042346 1
1221923 1
1215346 1
1192807 1
994808 1
1243769 1
1199692 1
1220270 1
974962 1
1317692 1
1181193 1
1174692 1
1001231 1
1168269 1
1206961 1
1229846 1
1174884 1
1183538 1
1258000 1
1182692 1
948000 1
1168038 1
1194500 1
1213654 1
1031193 1
1357538 1
1223692 1
1252615 1
995461 1
1212692 1
1206270 1
1253884 1
980769 1
1408500 1
1373462 1
1369731 1
1009962 1
1201077 1
1216769 1
1243039 1
2603654 1
1054538 1
954384 1
971308 1
951654 1
946269 1
996192 1
971577 1
941269 1
986615 1
1151961 1
1721654 1
7236731 1
1208154 1
1199231 1
1172731 1
1111731 1
2796385 1
1199346 1
986769 1
984307 1
974154 1
974923 1
1066077 1
1017384 1
979116 1
980731 1
944808 1
965269 1
961923 1
946308 1
945654 1
993193 1
911654 1
964539 1
945885 1
925270 1
943385 1
984385 1
993192 1
978846 1
975654 1
963846 1
936000 1
1150539 1
991807 1
979654 1
974270 1
976693 1
983577 1
984654 1
944923 1
970269 1
943039 1
1107077 1
973461 1
941577 1
934500 1
967308 1
971231 1
944269 1
933923 1
979654 1
958577 1
1128000 1
978154 1
955154 1
984153 1
945077 1
942270 1
981538 1
977385 1
967000 1
972000 1
1194346 1
962154 1
961231 1
946077 1
938346 1
965192 1
944307 1
2674269 1
1242153 1
1263500 1
1223692 1
979077 1
1213731 1
1206577 1
1201962 1
1021539 1
1206654 1
1492346 1
2652923 1
1129769 1
1085769 1
1049192 1
1051769 1
966038 1
953461 1
1119461 1
998423 1
944769 1
993923 1
987308 1
931154 1
939270 1
990539 1
965693 1
1162269 1
996000 1
976384 1
1735808 1
7077962 1
1208923 1
1201577 1
1207885 1
1097308 1
1002577 1
979500 1
945423 1
972769 1
988192 1
967039 1
969385 1
1041269 1
995154 1
985307 1
939154 1
975038 1
960231 1
1457154 1
998884 1
1067923 1
2184115 1
1140500 1
959692 1
975423 1
956962 1
964385 1
975077 1
982154 1
976654 1
1033269 1
1212116 1
1170384 1
1062154 1
989616 1
984731 1
977654 1
947654 1
961730 1
983115 1
1298270 1
1217770 1
1177577 1
952269 1
969846 1
974423 1
1021962 1
983000 1
939346 1
1018154 1
950308 1
942962 1
1928000 1
1250423 1
1233115 1
1222961 1
987231 1
1223808 1
1342231 1
1214077 1
1000962 1
1164884 1
1169346 1
1208808 1
996461 1
1205654 1
1217577 1
1236423 1
976500 1
1212692 1
1212730 1
1253961 1
986500 1
1245307 1
1230000 1
1427807 1
1026077 1
1207423 1
1204808 1
1200308 1
949077 1
1211730 1
1167231 1
1230692 1
984461 1
1238846 1
1182423 1
1177692 1
958885 1
1213346 1
1204731 1
1178461 1
1244884 1
1353616 1
1217846 1
1230616 1
968846 1
1159462 1
1146577 1
2149962 1
7310153 1
1443808 1
1347000 1
1214115 1
980115 1
1188846 1
1359961 1
1206461 1
1104000 1
1400231 1
1406539 1
1196000 1
990653 1
1187731 1
1208270 1
1167885 1
1010231 1
1184731 1
1148807 1
1164000 1
1000346 1
1170923 1
1177539 1
1198654 1
966269 1
1159846 1
1160693 1
1165500 1
2443808 1
1172307 1
2646692 1
1441115 1
993538 1
1208884 1
1177154 1
3924346 1
1183962 1
963462 1
965077 1
962846 1
911538 1
935038 1
970077 1
982193 1
1109423 1
950538 1
932808 1
912000 1
912461 1
902846 1
912654 1
932616 1
917615 1
937269 1
943038 1
1040231 1
947038 1
913192 1
929000 1
946154 1
949461 1
4616269 1
1180730 1
975231 1
955116 1
999654 1
1021692 1
955423 1
993231 1
946577 1
916577 1
903538 1
1071692 1
955346 1
915231 1
913462 1
915385 1
907692 1
895077 1
949346 1
927000 1
979693 1
955269 1
967885 1
941847 1
943769 1
921539 1
912653 1
942000 1
916807 1
914231 1
923846 1
913500 1
1195077 1
924692 1
921269 1
903769 1
900269 1
890462 1
1773193 1
7000000 1
1205962 1
1176154 1
1146769 1
1061961 1
931615 1
955500 1
907654 1
927076 1
1072000 1
971269 1
951115 1
962693 1
916923 1
929308 1
951846 1
923615 1
984808 1
982270 1
964847 1
1011846 1
940654 1
3342115 1
1250769 1
1025038 1
1234885 1
1239847 1
1268154 1
1023154 1
1209000 1
1200077 1
1210500 1
986538 1
1212115 1
1198384 1
1371654 1
977577 1
1207539 1
1201347 1
1174808 1
300731 1
2526771960 1
7072154 1
6593178226 1
2927995728 1
481919308 1
2587769 1
1495583152 1
1180932537 1
2055715153 1
6825539 1
1662147845 1
1249654 1
1571109730 1
7675039 1
292884 1
2404730 1
247385 1
2553615 1
4566270 1
2993654 1
264615 1
255423 1
202461 1
1118538 1
1636039 1
4576770 1
249116 1
2130884 1
229385 1
2606269 1
238654 1
204231 1
2513307 1
2401077 1
2972461 1
7524116 1
304039 1
112846 1
680346 1
296307 1
448692 1
198923 1
105538 1
109923 1
289115 1
240385 1
2629077 1
233616 1
10588846 1
4617846 1
261924 1
3586769 1
260769 1
1541231 1
1997115 1
3617577 1
1386884 1
1167193 1
1142692 1
5960538 1
4733231 1
2380539 1
1174385 1
1147385 1
1257115 1
1049308 1
957192 1
1005347 1
951385 1
970076 1
940692 1
942000 1
929769 1
965923 1
968730 1
990461 1
975000 1
956115 1
986539 1
935538 1
968154 1
977885 1
958038 1
952616 1
956962 1
1070693 1
970653 1
947962 1
980077 1
948384 1
972230 1
963077 1
970731 1
951539 1
976308 1
1006116 1
998770 1
960577 1
973192 1
933461 1
961615 1
950000 1
953961 1
43293369623 16518 8011 (cnt)8056 (close)93 (query)14196
