0 type

1 operation/txn

DHL_CC
fsync write computation
629321 39161 256576 
665744 34921 266288 
637407 40060 254965 
655700 37589 262615 
628680 39928 257685 
DHL_TC
fsync write computation
682409 41587 256385 
666132 42251 255927 
671365 41338 256350 
689144 41639 252080 
667362 42908 255131 
mvbt_opt
fsync write computation
821390 39783 210901 
831324 40481 208599 
704344 45472 185096 
836713 41231 215702 
829678 42545 210147 
off_opt
fsync write computation
695104 40949 189491 
618128 42507 178098 
678954 41708 194357 
654557 42216 181134 
622699 43179 179813 
wal_opt
fsync write computation
828971 48387 220802 
839706 48748 221077 
713030 46116 204816 
705544 46255 205245 
845532 48561 221985 
SHADOW
fsync write computation
1862129 101265 547753 
1895255 100865 536627 
1890367 99116 540271 
1843120 97767 539309 
1858750 99743 540277 
fsync write computation
SHADOW_X
1727925 83364 490769 
1563700 89639 530161 
1519420 89797 530650 
1541427 89577 529046 
1527548 90120 526910 
1 type

1 operation/txn

DHL_CC
fsync write computation
641444 30562 275309 
641981 29463 272707 
640502 30467 274035 
637774 29722 274703 
640423 29888 273089 
DHL_TC
fsync write computation
654600 31610 281582 
654466 31220 279759 
638985 31915 273578 
658577 31313 278380 
660162 30961 277298 
mvbt_opt
fsync write computation
736565 38196 201448 
656862 42766 193440 
680327 41724 195335 
591379 39308 177779 
739699 37058 199308 
off_opt
fsync write computation
627009 39681 275026 
651138 32150 283532 
650002 31351 281605 
643614 31649 280133 
647450 30983 280503 
wal_opt
fsync write computation
826074 46998 234062 
822438 46769 235102 
821957 44619 236363 
852472 46598 234234 
849006 46540 236140 
SHADOW
fsync write computation
1816565 98407 606340 
1796294 97041 607725 
1757547 95999 602708 
2057149 89780 584503 
1796676 96573 602576 
fsync write computation
SHADOW_X
1437117 83107 584283 
1441379 83406 587153 
1595412 74869 576055 
1547730 77619 583797 
1455809 84520 588838 
2 type

1 operation/txn

DHL_CC
fsync write computation
642293 29112 302280 
645098 29814 301711 
658586 30164 303219 
660844 27872 303269 
656693 29721 303986 
DHL_TC
fsync write computation
646959 30478 298675 
645429 29377 303490 
648412 29854 304690 
645399 29176 305336 
651861 30037 303156 
mvbt_opt
fsync write computation
746442 36671 230759 
742848 37257 229224 
731593 40589 231633 
745976 36122 228825 
724987 41267 229884 
off_opt
fsync write computation
641549 28039 296452 
649643 29636 297404 
650176 29476 297729 
647028 30028 294894 
642968 30080 293657 
wal_opt
fsync write computation
786106 45540 249557 
713194 46060 237467 
839433 44924 252654 
803658 43480 255887 
793507 44472 251781 
SHADOW
fsync write computation
1759466 94536 617660 
1766631 95611 626102 
2070481 94769 622680 
1755576 94440 620204 
1771725 95719 621537 
fsync write computation
SHADOW_X
1520535 78634 604221 
1569839 77890 598055 
1548494 74505 593983 
1580360 74658 593196 
1557144 74428 591668 
