0 type

1 operation/txn

WAL
fsync write computation
1719574 118702 263117 
1727791 117581 261221 
1685135 114480 260278 
1745137 117729 262627 
1727112 118020 260760 
WAL100
fsync write computation
886915 57786 211824 
860104 56061 206166 
843804 55532 200991 
964446 68440 223442 
844737 55794 200437 
1 type

1 operation/txn

WAL
fsync write computation
1736212 118634 276895 
1725001 121378 276718 
1722012 119079 276575 
1708817 118887 277515 
1708610 118959 275438 
WAL100
fsync write computation
926424 63129 229832 
821925 54396 214107 
969640 65565 231449 
793179 53618 209219 
947492 64261 229712 
2 type

1 operation/txn

WAL
fsync write computation
1835773 125142 306316 
1949956 135089 330835 
1890583 132725 319422 
1868013 130582 322980 
1829176 125012 306029 
WAL100
fsync write computation
892299 54060 231471 
893859 54692 236600 
880558 54390 233731 
844898 53831 231133 
782284 53788 230363 
