0 type

1 operation/txn

WAL
fsync write computation
1715751 135165 261363 
1662301 131405 263181 
1655649 133806 263227 
1714038 134528 265637 
1657639 134254 266274 
1 type

1 operation/txn

WAL
fsync write computation
1634997 129452 265533 
1620388 128781 268262 
1658263 128608 266462 
1623671 127681 264943 
1616002 130081 268914 
2 type

1 operation/txn

WAL
fsync write computation
1601665 122191 276646 
1598277 123139 275129 
1574025 122491 277102 
1590599 124067 276580 
1590755 120830 279998 
