0 type

1 operation/txn

DHL_CC
fsync write computation
693864 42801 259933 
749015 33533 270176 
723813 40282 261282 
696135 41208 259824 
698917 40633 258043 
DHL_TC
fsync write computation
737201 42975 259232 
731752 43891 261159 
735000 44527 259602 
753836 43517 263038 
745569 42997 260197 
mvbt_opt
fsync write computation
1310962 68301 230287 
1337773 67523 232394 
1303704 68480 231428 
1266474 66214 228181 
1284067 66292 224603 
off_opt
fsync write computation
909168 57507 294079 
906261 57588 288112 
897309 57236 292096 
938146 51161 292469 
916357 56811 293358 
wal_opt
fsync write computation
929955 76502 244435 
910286 75315 240936 
913508 75411 240775 
925975 77228 242633 
903145 76319 239991 
SHADOW
fsync write computation
2280843 110115 597483 
1995941 117057 608397 
2005878 116682 606669 
1988540 115536 608368 
1984473 115684 605928 
fsync write computation
SHADOW_X
1602705 99591 591193 
1615576 99823 591720 
1606791 99862 590554 
1631696 100849 592924 
1606968 100051 593373 
1 type

1 operation/txn

DHL_CC
fsync write computation
657893 38823 272605 
710130 33423 286349 
653124 36632 273232 
706457 31135 279613 
699921 34067 275772 
DHL_TC
fsync write computation
661837 37876 270982 
669043 40076 274877 
664950 40508 272512 
666484 38178 269068 
664424 39048 271538 
mvbt_opt
fsync write computation
1450065 60692 205676 
1380973 71421 252997 
1208866 64763 238169 
1311295 69742 250013 
1215673 63082 235968 
off_opt
fsync write computation
816244 49546 286159 
812347 48428 286091 
799717 48540 294623 
799648 49815 293351 
797786 49502 289802 
wal_opt
fsync write computation
817124 56780 228862 
859892 57017 236666 
820704 55947 227075 
980791 75158 243799 
855462 56831 232121 
SHADOW
fsync write computation
1798865 97115 600450 
1761691 95775 598480 
1781112 96135 599272 
2049261 91170 587330 
1764862 95896 603830 
fsync write computation
SHADOW_X
1418003 82435 584176 
1446119 82731 582730 
1562676 81104 584357 
1560797 79835 589352 
1421154 81896 581809 
2 type

1 operation/txn

DHL_CC
fsync write computation
672802 39505 302464 
710239 28681 300051 
708364 30894 298213 
680311 36714 300551 
711363 30769 303291 
DHL_TC
fsync write computation
697175 34884 301170 
710043 32782 302882 
704488 29820 300092 
705753 31859 298414 
692331 35026 300338 
mvbt_opt
fsync write computation
1268676 71718 270911 
1312450 71299 273347 
1224678 66670 260956 
1289862 69753 265391 
1256349 67134 260618 
off_opt
fsync write computation
796330 49234 312328 
796300 49223 317556 
809717 48798 317257 
803919 48987 320549 
797124 49861 316999 
wal_opt
fsync write computation
890245 54787 236721 
779811 49204 238490 
903505 57539 248719 
897613 56531 252246 
931124 57724 256398 
SHADOW
fsync write computation
1749293 95013 614397 
1754109 93393 616551 
1801363 93064 615033 
1797995 93885 615619 
2027952 87041 596851 
fsync write computation
SHADOW_X
1544541 76630 601262 
1591057 73706 590332 
1571710 75381 591984 
1500074 76809 597642 
1536920 75537 600241 
